1217	654	78	Gaming
1398	867	861	Botnet
2234	356	388	Commercial
633	392	389	Commercial
167	412	693	Botnet
1615	621	509	Botnet
1391	533	560	Gaming
2876	694	817	Cloud
14	438	116	Mining
2712	847	27	Botnet
1501	630	371	Commercial
1260	686	399	Mining
1396	688	141	Botnet
1868	68	641	Botnet
2362	145	341	Gaming
2163	860	677	Cloud
1919	594	302	Cloud
338	908	214	Gaming
109	356	80	Botnet
2170	781	618	Commercial
1646	309	964	Cloud
2463	616	757	Gaming
1121	405	624	msgBot
1563	190	543	Mining
747	990	62	Gaming
1005	24	687	Gaming
1819	191	218	Mining
1626	823	96	msgBot
2730	419	854	Cloud
1174	225	956	msgBot
982	918	227	Gaming
2778	412	322	Cloud
1670	332	247	msgBot
931	605	903	Commercial
1627	336	572	Gaming
1384	983	142	Botnet
1584	397	62	Cloud
1480	982	846	Botnet
2353	84	971	Gaming
1728	302	273	Cloud
427	512	870	Mining
983	896	650	Botnet
1026	503	897	Mining
97	829	207	Commercial
1566	845	732	Commercial
2004	146	218	Commercial
1304	23	568	Mining
2054	55	313	Gaming
569	646	1000	msgBot
1523	252	312	Mining
186	160	649	msgBot
1917	452	375	msgBot
1430	915	850	Cloud
341	645	149	Cloud
681	128	253	Gaming
2354	807	546	Cloud
2497	33	41	Cloud
2737	955	230	Gaming
1070	834	13	Gaming
1682	732	47	Commercial
1493	512	281	Botnet
1064	78	160	Botnet
2075	394	278	msgBot
873	227	350	Commercial
2431	760	209	Mining
1033	274	345	Cloud
2213	862	382	Commercial
172	663	604	Gaming
2851	350	101	Mining
2945	3	756	Cloud
834	381	380	Gaming
2743	110	760	Commercial
1256	820	881	Commercial
1409	519	827	Cloud
854	562	355	Cloud
1633	83	779	Botnet
692	135	754	Cloud
1798	30	877	msgBot
312	321	807	Gaming
2736	294	722	Cloud
2987	869	725	Gaming
1397	381	238	Botnet
25	579	419	Cloud
647	784	25	Cloud
500	464	188	Gaming
2921	564	987	Gaming
2053	397	905	Botnet
2528	863	246	Gaming
1120	123	341	Cloud
1963	6	804	Commercial
1043	343	793	Mining
690	951	39	Gaming
2188	220	475	Cloud
442	238	203	msgBot
1664	246	232	Gaming
998	796	770	msgBot
317	629	150	Gaming
1575	63	661	Mining
1355	84	602	msgBot
2272	880	486	Mining
902	870	281	Cloud
77	306	232	Mining
2486	157	742	Commercial
2881	232	533	Botnet
579	764	628	Mining
1011	106	411	Cloud
825	227	936	Cloud
1035	664	638	Mining
1910	825	661	msgBot
485	88	592	Mining
1463	372	757	Commercial
2927	445	3	Cloud
2501	654	572	Mining
2318	572	711	Gaming
1166	59	886	Mining
284	747	30	msgBot
1805	614	13	Gaming
2091	914	304	Gaming
1619	23	507	msgBot
20	143	643	Cloud
2408	424	229	Botnet
1894	72	355	Gaming
264	341	445	Cloud
1145	402	858	Cloud
586	495	908	Cloud
1074	974	627	Mining
213	321	346	Cloud
2567	407	199	Commercial
915	987	222	Mining
1857	353	845	msgBot
642	667	456	Gaming
1809	762	888	Botnet
2265	176	782	Mining
994	63	537	Gaming
2105	416	303	Botnet
1060	707	392	msgBot
2358	675	439	Gaming
1381	476	880	Mining
389	237	416	Cloud
2005	204	556	Gaming
118	643	26	Commercial
2302	519	231	Botnet
435	21	188	Gaming
199	68	155	msgBot
1788	564	714	Mining
84	608	166	Commercial
2000	625	575	Cloud
26	314	693	Mining
419	704	616	Commercial
590	665	108	Gaming
1981	191	477	Commercial
2533	133	728	Cloud
2420	238	712	Cloud
65	609	563	Cloud
2864	414	986	Gaming
221	114	99	Mining
2626	753	30	Botnet
2411	264	801	Gaming
613	751	362	Gaming
903	283	195	Commercial
1674	708	813	Mining
1371	298	185	Commercial
1697	502	349	Gaming
600	578	35	Botnet
1264	172	17	Gaming
1720	38	107	Gaming
303	557	439	Botnet
1379	301	363	Cloud
970	38	822	msgBot
1741	613	842	msgBot
40	989	95	Commercial
368	574	215	Gaming
2285	724	962	msgBot
1724	766	21	Commercial
1481	219	442	Gaming
1266	133	908	Mining
2159	229	709	Gaming
1712	825	824	msgBot
814	441	217	msgBot
439	961	717	Gaming
575	988	523	Commercial
1927	184	620	Cloud
2244	71	826	Gaming
2041	187	484	msgBot
2202	234	50	Commercial
2913	568	373	Commercial
591	444	271	Commercial
1508	161	22	Botnet
862	124	902	Botnet
275	433	249	Gaming
1716	345	840	Commercial
2846	293	824	Botnet
870	547	847	msgBot
1706	863	769	Mining
2850	702	749	Mining
1955	907	810	Botnet
2755	600	356	Gaming
2825	637	830	Mining
2142	111	229	msgBot
632	475	71	Mining
1468	852	593	Commercial
1296	382	663	msgBot
2306	424	42	Botnet
856	710	299	msgBot
2965	72	194	Cloud
146	570	867	Gaming
336	619	723	Commercial
705	495	779	Mining
1503	62	678	Gaming
1293	844	323	msgBot
695	98	872	Cloud
1683	402	771	Commercial
2101	28	351	Gaming
1149	492	947	Mining
1959	207	424	Commercial
2865	660	254	Botnet
1067	185	960	msgBot
1909	618	177	msgBot
4	613	769	Cloud
1069	702	942	Gaming
1347	387	510	Gaming
940	915	603	Gaming
2644	374	16	Commercial
1316	767	940	Mining
2879	771	586	Cloud
896	289	316	Botnet
722	496	84	Botnet
1490	661	47	msgBot
1823	164	583	Gaming
2066	707	675	Botnet
1930	674	776	msgBot
1491	850	70	Gaming
2293	629	453	Cloud
2030	603	350	Cloud
1606	447	560	Gaming
672	29	126	Gaming
2440	687	414	Commercial
572	936	341	msgBot
821	666	861	Botnet
1748	876	503	Cloud
966	938	140	Commercial
1426	808	656	Mining
89	491	65	Botnet
1890	537	150	Gaming
2539	32	825	Gaming
1413	299	39	Gaming
2632	146	908	Gaming
1465	112	812	Commercial
2891	722	386	Cloud
610	324	22	Cloud
1565	271	931	msgBot
138	158	777	Gaming
1202	26	682	Mining
2161	487	288	msgBot
1848	535	620	Botnet
2507	665	962	Cloud
147	128	407	Mining
1170	464	400	Mining
1326	959	609	Gaming
527	210	707	Mining
2735	448	723	Gaming
1475	192	600	Gaming
2154	618	953	msgBot
1387	480	676	Cloud
2996	870	101	Mining
2084	694	718	msgBot
280	95	847	Mining
1569	421	868	Cloud
1268	507	754	Botnet
2313	736	670	Botnet
1424	429	986	Gaming
1443	414	82	Botnet
1448	11	933	msgBot
1303	308	95	Gaming
1677	361	592	Gaming
21	304	330	Botnet
1270	32	352	Commercial
718	469	510	Gaming
2152	390	248	Botnet
2709	508	985	msgBot
16	778	584	Botnet
287	114	202	Mining
2397	468	6	Cloud
2380	117	136	Commercial
2314	38	863	msgBot
756	183	901	msgBot
414	981	445	Commercial
1672	376	828	Mining
46	799	944	Cloud
1056	634	167	Gaming
1459	621	245	Botnet
1915	414	410	Botnet
1080	625	260	Gaming
1922	152	451	Cloud
248	358	297	Commercial
471	194	651	Mining
2048	350	858	Gaming
844	620	672	Mining
2274	149	845	Gaming
1992	68	15	Cloud
758	455	196	Cloud
2474	804	189	Botnet
2301	476	15	Commercial
2728	784	561	msgBot
618	793	140	msgBot
2575	670	437	Cloud
1613	939	573	Botnet
2563	70	265	Mining
331	42	217	Cloud
2047	630	314	Gaming
945	347	647	Cloud
735	660	90	Commercial
474	837	463	Cloud
2832	22	622	Gaming
73	148	998	Cloud
2838	2	986	Gaming
360	353	277	msgBot
732	987	675	Botnet
2382	595	644	Cloud
1466	400	600	msgBot
1212	410	328	Cloud
2971	612	354	Commercial
855	636	799	Gaming
2352	171	646	Botnet
1850	309	714	Gaming
2232	558	662	Gaming
792	127	965	Mining
676	569	856	Botnet
2722	653	127	Cloud
2478	408	549	Mining
393	4	370	Botnet
2193	52	227	msgBot
2614	961	432	Commercial
1781	642	631	Gaming
366	25	723	Botnet
136	637	450	Commercial
2089	917	184	Mining
1400	759	172	Gaming
2991	119	479	Botnet
2645	74	761	Cloud
914	505	159	Gaming
2225	848	590	Mining
1485	138	864	Gaming
480	295	359	Gaming
362	542	79	Cloud
222	533	838	Mining
2320	815	795	Botnet
1133	353	469	Commercial
2759	832	881	Botnet
1775	69	21	Mining
2884	125	597	Cloud
796	563	743	msgBot
243	45	89	Gaming
2569	787	944	Botnet
2007	314	439	Cloud
790	848	976	Gaming
449	896	677	Gaming
1092	661	581	Botnet
306	941	783	Gaming
2343	712	166	msgBot
1843	939	893	Gaming
271	713	236	Gaming
944	952	648	Gaming
1887	909	712	Mining
2256	325	268	Cloud
1810	931	766	msgBot
2304	963	923	Cloud
293	502	949	msgBot
2114	847	223	Cloud
1213	561	801	Mining
2209	206	973	Gaming
386	625	371	Botnet
1583	344	830	Botnet
363	413	799	Cloud
1961	729	434	msgBot
101	603	376	Cloud
267	36	837	Cloud
767	161	122	Botnet
2937	320	110	msgBot
1780	395	665	Gaming
964	739	324	Commercial
9	57	464	Gaming
1571	167	557	msgBot
15	574	600	Cloud
440	234	74	Commercial
2596	487	813	Cloud
1882	613	77	Botnet
670	329	980	Cloud
142	24	789	Cloud
768	947	453	Botnet
265	658	292	msgBot
2208	266	535	Gaming
1825	964	234	Gaming
2726	987	941	Botnet
1484	104	491	Gaming
2108	348	988	Commercial
1795	970	837	Cloud
2962	572	251	Botnet
1855	353	90	Mining
188	311	759	Botnet
884	940	340	Mining
1275	452	399	msgBot
2731	354	694	Commercial
2016	702	821	Gaming
1172	516	229	Cloud
2447	764	31	Botnet
433	1000	224	msgBot
2279	215	527	Mining
425	16	23	Cloud
638	369	728	Gaming
1258	268	186	msgBot
1947	60	293	Gaming
1804	88	450	Cloud
1844	662	849	Commercial
2009	677	76	Mining
901	299	411	Cloud
2647	935	289	msgBot
1411	301	211	Gaming
350	787	19	Mining
665	42	469	Gaming
831	95	105	Gaming
2444	599	95	msgBot
2557	678	529	msgBot
396	137	405	Commercial
507	112	253	Commercial
1416	299	787	Gaming
2493	8	652	Botnet
1808	727	302	Cloud
1939	51	357	Commercial
2475	817	494	Gaming
1329	758	75	Botnet
2215	129	868	Commercial
2733	253	887	Gaming
421	656	507	Botnet
30	978	66	Mining
639	327	587	Cloud
836	488	342	Cloud
1679	926	674	Botnet
43	650	503	msgBot
2452	911	538	Gaming
607	700	394	Cloud
503	275	47	Mining
1310	171	825	Botnet
1824	211	82	Mining
1342	820	591	Mining
1114	891	95	Mining
2035	116	30	Cloud
1585	456	110	Botnet
853	289	616	Botnet
731	517	935	Mining
2930	464	812	Mining
1533	671	702	Botnet
1956	846	220	Cloud
965	211	655	Commercial
1220	816	27	Mining
1163	962	703	Gaming
1777	422	720	Cloud
2237	717	893	Commercial
236	9	787	Cloud
2139	107	193	Cloud
1311	949	678	Mining
2423	916	359	Commercial
2781	169	156	Mining
249	267	385	msgBot
1104	244	278	Botnet
729	553	303	Mining
699	181	166	msgBot
2419	994	389	Cloud
534	527	87	Commercial
2682	617	582	Gaming
2831	194	354	msgBot
2587	336	156	Cloud
2297	380	805	Cloud
1000	735	597	msgBot
2311	683	160	Gaming
2376	562	955	Botnet
2221	322	770	Mining
1873	938	618	Gaming
904	708	32	Botnet
1117	700	730	Cloud
2757	397	258	Mining
417	621	986	Commercial
273	481	497	Gaming
2175	689	625	Botnet
516	971	111	Cloud
1072	801	645	Gaming
659	922	907	msgBot
2273	44	328	Commercial
1758	654	568	Mining
2416	615	504	msgBot
2492	301	896	Commercial
898	793	590	Commercial
1997	871	306	Commercial
2928	558	199	Botnet
323	538	85	msgBot
2998	863	452	Mining
292	247	410	Botnet
1334	804	529	Cloud
598	266	12	Botnet
2786	115	106	Cloud
2873	394	419	msgBot
1791	449	910	Cloud
1453	342	857	Commercial
208	835	967	Botnet
1169	775	973	Cloud
1210	227	453	msgBot
205	421	119	Commercial
260	528	58	Cloud
2062	918	690	Botnet
511	473	930	Commercial
1932	792	186	Botnet
2590	232	212	Mining
529	435	691	Cloud
22	457	427	Cloud
513	343	482	msgBot
2056	62	324	Commercial
297	841	227	Commercial
354	709	377	msgBot
1078	144	718	Mining
270	630	206	msgBot
2326	638	100	Botnet
111	123	316	Botnet
2856	270	120	Gaming
2969	333	903	msgBot
365	131	65	Commercial
1148	742	632	Gaming
328	126	835	msgBot
486	859	260	Cloud
1333	462	806	msgBot
1837	630	791	Mining
194	53	361	Botnet
643	971	300	Commercial
649	599	680	msgBot
1689	748	431	Gaming
999	732	752	Commercial
2666	545	80	Botnet
2746	507	842	Gaming
152	680	27	Cloud
1864	35	819	Botnet
1021	904	325	msgBot
155	842	945	msgBot
1978	587	341	Gaming
724	383	976	Mining
2421	750	378	Botnet
2574	974	869	Gaming
1219	770	850	Mining
1557	980	576	Commercial
2330	512	821	Commercial
1248	527	684	Mining
496	913	12	Commercial
2882	190	449	Gaming
2424	458	764	Mining
272	226	920	Gaming
1405	390	523	Commercial
871	608	645	Botnet
764	652	353	Mining
241	970	333	Botnet
2833	402	732	Cloud
1234	852	486	Gaming
2044	77	670	Mining
1160	25	53	Botnet
250	894	309	Cloud
2625	672	229	Gaming
704	993	783	msgBot
1778	94	168	Mining
1984	26	998	Gaming
1372	796	330	Cloud
223	914	355	Cloud
2121	372	791	Mining
1711	555	537	Mining
2787	262	217	Mining
2465	662	30	Cloud
2630	994	89	Mining
2892	339	507	Mining
75	176	798	msgBot
2027	722	784	Botnet
1295	288	136	Botnet
1198	172	660	Botnet
2550	808	778	Cloud
1570	778	194	Gaming
656	980	674	Cloud
1418	393	218	Mining
121	407	454	Cloud
1107	255	785	Botnet
719	568	407	Cloud
2226	472	467	Commercial
2182	407	305	Gaming
2040	150	425	Cloud
2166	695	740	msgBot
2639	677	515	Mining
2785	62	169	Commercial
891	735	279	Cloud
2990	603	628	msgBot
2096	255	465	Botnet
793	292	205	Mining
231	355	947	Cloud
2104	548	435	Gaming
1666	897	874	Cloud
2895	740	743	Commercial
1473	623	104	msgBot
1862	704	178	Botnet
1846	245	125	Gaming
2412	303	877	Cloud
677	951	736	Cloud
2544	950	416	Cloud
455	770	629	msgBot
2585	951	995	Commercial
2688	154	1	msgBot
139	901	309	Mining
2228	817	431	Botnet
1504	228	241	Commercial
1240	196	476	Gaming
1772	992	356	Commercial
2545	688	395	Botnet
2073	982	235	Botnet
2816	109	901	Gaming
781	36	608	Mining
33	528	676	Botnet
36	12	577	msgBot
2432	143	214	Mining
204	300	729	Botnet
1429	103	437	Mining
2270	330	714	Gaming
295	579	354	Mining
1010	726	560	Cloud
2842	473	926	Mining
1771	848	539	Mining
1640	734	700	Mining
2768	69	45	Gaming
1471	888	873	Gaming
405	708	801	msgBot
2026	761	296	msgBot
779	571	442	Gaming
2061	894	283	msgBot
1517	34	268	Cloud
585	103	160	Gaming
1469	187	974	Mining
1725	774	245	Commercial
2685	46	24	msgBot
1283	230	905	Cloud
2018	547	439	Commercial
776	354	892	Commercial
2525	163	98	Commercial
2456	64	964	Cloud
1727	974	128	Gaming
1616	212	679	Gaming
1343	6	885	Cloud
2558	846	28	Mining
2899	907	867	msgBot
912	998	316	Commercial
1918	63	177	Botnet
1431	919	599	Commercial
996	724	412	Gaming
2002	809	141	Botnet
1505	720	747	Commercial
2933	983	420	Mining
2654	19	770	Mining
929	369	971	Commercial
1588	574	511	Mining
1797	145	426	Cloud
2843	615	721	Commercial
1766	258	417	Commercial
2413	984	589	Cloud
1402	425	996	Commercial
2549	689	794	Mining
1201	274	470	Gaming
661	338	335	msgBot
2885	917	173	Gaming
625	586	499	Gaming
2612	365	405	Cloud
257	54	657	msgBot
2744	828	673	Botnet
2847	564	40	Gaming
517	976	610	msgBot
156	979	542	msgBot
2454	705	18	Mining
784	804	233	Cloud
737	987	605	msgBot
1392	590	597	Commercial
1321	622	873	msgBot
1081	749	604	Commercial
777	582	453	msgBot
1884	924	992	Commercial
166	406	263	msgBot
1216	458	678	Commercial
2425	855	178	Gaming
1230	676	296	Botnet
694	364	191	Commercial
2448	609	977	Mining
2076	261	159	Botnet
2430	467	298	Botnet
2224	794	786	Gaming
841	924	192	Commercial
2095	414	95	Cloud
1695	256	906	Mining
469	911	162	Gaming
2211	721	868	Mining
220	804	381	Gaming
1564	934	584	msgBot
1877	317	195	Cloud
2280	436	274	Cloud
2160	915	815	Commercial
751	661	313	Gaming
867	431	545	Botnet
2706	548	943	Cloud
1281	990	719	Commercial
1152	640	582	Gaming
413	197	980	Botnet
2988	375	363	Mining
2866	452	328	msgBot
1467	990	940	msgBot
911	44	99	msgBot
2247	875	150	Botnet
1299	642	168	Mining
2751	70	464	Cloud
343	63	736	msgBot
2504	496	190	msgBot
2307	334	220	Mining
2194	721	390	Commercial
2739	953	176	Gaming
988	322	139	Mining
2473	267	968	msgBot
2662	24	73	Botnet
1510	780	544	Botnet
2068	150	322	msgBot
1224	468	994	msgBot
1962	471	88	Commercial
1378	737	493	Botnet
2367	126	129	msgBot
2276	414	912	Botnet
900	386	912	Botnet
754	731	505	Commercial
1150	665	139	Botnet
1684	661	894	Botnet
650	79	916	Gaming
2082	818	762	Botnet
1141	299	492	Commercial
1222	869	750	Mining
2085	504	503	Cloud
472	121	601	Gaming
2727	791	719	Commercial
10	726	448	Botnet
2857	573	869	Cloud
728	927	122	Mining
2518	783	508	msgBot
1479	120	182	Cloud
1576	731	484	Botnet
429	595	551	Commercial
2069	988	126	Commercial
1285	400	710	Mining
1581	817	618	Mining
2308	887	204	msgBot
2322	352	850	Gaming
1184	72	865	Mining
2576	79	647	Gaming
883	512	339	Gaming
255	47	815	Mining
2252	709	394	Mining
201	573	575	msgBot
2560	423	701	Botnet
1653	293	228	Gaming
2043	883	149	Commercial
2094	748	909	Botnet
239	496	581	Commercial
1073	863	551	Mining
962	69	893	msgBot
269	861	279	Commercial
1821	80	42	msgBot
2852	942	239	Cloud
108	591	785	Commercial
2141	424	919	Cloud
2834	500	323	Cloud
2443	294	418	msgBot
1764	985	676	Commercial
1966	97	542	Gaming
294	386	84	Commercial
340	321	732	Gaming
2967	10	98	msgBot
755	614	807	Commercial
2718	569	443	Gaming
2534	960	399	Cloud
2828	748	440	Commercial
367	528	281	Gaming
733	172	923	Mining
316	341	413	Commercial
459	310	633	Gaming
375	433	976	Botnet
1537	195	995	Botnet
1729	653	788	Mining
1814	223	501	Commercial
950	386	966	msgBot
2859	909	303	Commercial
1294	586	146	msgBot
1987	556	526	Mining
1427	950	299	Cloud
783	379	923	msgBot
436	506	725	Commercial
1132	188	491	Botnet
515	771	774	Commercial
1779	638	943	Commercial
2993	222	932	msgBot
2634	15	182	Mining
2803	170	678	Gaming
2151	267	677	Botnet
1019	727	718	Botnet
1362	625	49	Botnet
1865	79	233	Commercial
1199	54	523	Gaming
45	907	298	Mining
561	500	218	Cloud
1801	265	978	msgBot
385	886	457	Mining
1237	566	717	Mining
2919	627	525	Commercial
1085	348	359	Gaming
1255	443	936	msgBot
2684	118	986	Cloud
2029	73	23	Cloud
693	668	536	Commercial
2359	576	219	Gaming
2511	577	902	Cloud
1911	127	463	Botnet
157	438	58	Botnet
197	457	811	Botnet
752	891	290	Cloud
1420	843	889	msgBot
1122	908	138	Cloud
190	265	199	msgBot
1815	895	211	Commercial
1817	572	594	msgBot
1332	641	523	Gaming
2172	287	883	Commercial
1162	406	470	Botnet
1933	678	605	Commercial
1690	797	490	Mining
2063	55	569	Gaming
1062	244	433	Gaming
2515	758	822	Gaming
390	348	667	Gaming
1058	607	947	Mining
1561	874	140	msgBot
339	990	271	Mining
1263	474	757	Gaming
1560	894	998	Cloud
1937	568	727	Mining
215	616	263	Botnet
2922	292	177	Botnet
2205	500	37	Commercial
171	632	899	Gaming
1027	964	846	Gaming
1380	556	93	msgBot
137	100	28	msgBot
1337	731	97	Commercial
2989	527	494	Botnet
1518	792	214	Gaming
571	774	529	msgBot
1552	627	96	Mining
550	792	889	msgBot
1029	302	148	Commercial
2792	433	645	Commercial
932	737	867	Mining
2120	424	769	Gaming
2713	616	237	Cloud
1621	202	224	Botnet
541	128	450	Gaming
2883	834	870	Botnet
845	175	815	Commercial
1041	791	20	Botnet
1112	204	44	Cloud
1849	515	85	Gaming
193	73	292	Gaming
1794	691	742	Cloud
2607	339	493	Commercial
1386	88	276	Mining
326	304	724	msgBot
2695	156	421	Botnet
2495	453	765	Botnet
673	200	177	Mining
1446	898	86	Mining
1185	323	619	Gaming
1946	271	216	Gaming
1280	80	131	Mining
2910	280	388	msgBot
1931	970	784	msgBot
1700	415	59	Gaming
1410	383	926	Commercial
1063	440	781	msgBot
1528	403	457	msgBot
512	23	499	msgBot
1541	320	149	Mining
549	452	387	Mining
1644	762	527	Botnet
47	819	340	msgBot
1651	545	753	msgBot
5	721	547	msgBot
1161	592	114	Cloud
2217	618	368	Cloud
7	425	49	msgBot
1470	846	178	Cloud
1702	742	24	msgBot
1095	146	804	Commercial
448	512	203	Mining
1307	982	15	Commercial
1572	787	257	Cloud
2381	665	155	Gaming
2231	596	69	Gaming
2240	787	11	Cloud
1524	570	645	Cloud
2708	352	649	msgBot
400	303	566	msgBot
2790	831	848	Cloud
2457	330	571	Commercial
558	391	359	Commercial
1977	275	670	Cloud
545	186	907	Gaming
991	160	148	Mining
761	314	577	msgBot
2445	720	452	Botnet
145	379	811	Gaming
2235	886	749	Mining
376	50	517	Commercial
946	670	352	Botnet
2385	675	559	Gaming
1859	997	959	Cloud
2615	100	743	msgBot
2361	122	49	Gaming
2065	408	25	Mining
2158	528	914	Botnet
725	204	581	Mining
2710	529	510	msgBot
483	395	112	Gaming
32	545	296	msgBot
478	364	762	msgBot
344	268	318	Gaming
864	246	221	Commercial
1558	827	825	Cloud
2686	938	488	msgBot
612	30	754	msgBot
178	370	846	Commercial
2481	103	122	Gaming
833	426	61	Commercial
1912	746	382	Mining
502	80	999	Gaming
1607	371	605	msgBot
1492	808	965	Mining
863	659	34	msgBot
1178	307	884	Botnet
467	965	416	Botnet
568	737	511	Cloud
2394	484	705	Botnet
24	593	751	Botnet
2903	171	864	Cloud
441	61	682	Gaming
2776	597	850	Mining
2766	500	855	Gaming
675	315	423	Gaming
1155	194	56	Commercial
1802	74	159	Cloud
2961	560	912	Commercial
857	414	963	Cloud
508	649	337	Mining
2257	602	650	Gaming
2820	494	669	Commercial
2372	492	404	Commercial
1513	476	420	Cloud
2906	497	742	Commercial
2506	943	674	Botnet
2909	228	910	Mining
1423	646	492	Cloud
765	322	29	Mining
1799	435	813	Botnet
2793	52	109	Gaming
1232	938	511	Botnet
2140	244	614	Botnet
2606	63	692	Commercial
2269	871	652	Cloud
8	469	716	Commercial
1905	262	474	Mining
1985	886	878	Mining
2958	703	821	Commercial
2019	72	695	Mining
2975	918	282	msgBot
2042	517	556	Botnet
822	660	385	Commercial
1831	106	122	Commercial
1001	803	91	Mining
1450	845	627	Gaming
2470	999	96	Mining
228	9	353	Cloud
961	133	239	Gaming
2948	863	693	Gaming
1740	776	112	Gaming
379	453	681	Mining
1520	173	569	Commercial
544	575	237	Gaming
2938	171	750	msgBot
2366	736	717	Commercial
1860	684	640	msgBot
2880	601	609	Mining
1135	863	710	Cloud
1406	377	508	Cloud
1600	601	827	msgBot
1082	858	134	Botnet
2268	880	837	Botnet
2513	921	944	msgBot
1629	273	725	Gaming
1252	706	705	Botnet
537	342	447	Commercial
2418	331	637	Botnet
1128	594	477	msgBot
1891	825	651	Botnet
2025	811	524	msgBot
553	451	465	Commercial
1156	529	641	Botnet
1444	436	171	Commercial
1841	665	762	Mining
892	57	102	msgBot
1573	28	386	msgBot
2434	802	838	Cloud
2417	193	329	Mining
381	159	544	Commercial
641	885	261	Botnet
187	577	958	Mining
1032	407	145	msgBot
1592	310	279	msgBot
949	309	472	msgBot
369	601	258	Cloud
2800	494	440	Gaming
2593	691	746	Botnet
1239	629	920	Mining
476	224	490	Gaming
1970	670	722	Commercial
1665	58	44	Cloud
1753	303	379	Mining
2487	598	51	Mining
382	44	556	Gaming
1618	627	990	Gaming
495	948	770	Gaming
2902	5	771	Mining
1617	98	522	Commercial
2514	977	289	Gaming
1900	671	359	Cloud
680	343	574	Gaming
1476	209	841	Commercial
2973	554	565	Mining
1958	283	401	Cloud
446	887	83	Cloud
1079	512	502	Cloud
1244	894	895	msgBot
38	477	771	Cloud
2835	893	656	Commercial
917	523	455	Gaming
1714	139	294	Mining
2329	577	713	Botnet
274	997	916	Gaming
1589	682	438	Cloud
2469	687	311	Gaming
462	925	265	Cloud
322	762	333	Cloud
2622	268	169	Commercial
1414	502	320	Mining
1800	287	698	Botnet
750	306	571	Mining
214	908	318	Botnet
830	651	448	Cloud
1995	739	44	Commercial
2671	461	281	Cloud
2618	522	556	Cloud
791	533	445	Mining
2701	916	17	Cloud
1477	97	985	msgBot
1574	144	524	Commercial
1511	798	249	Botnet
2081	245	43	Mining
1438	514	866	Mining
1006	173	148	Cloud
289	680	404	Botnet
191	153	315	Gaming
723	682	312	Cloud
2805	652	485	Botnet
424	509	632	Botnet
1009	270	340	Cloud
453	838	134	msgBot
1542	541	198	Gaming
666	620	300	Mining
617	881	514	Commercial
2488	728	120	msgBot
2324	997	975	msgBot
2135	613	538	Gaming
1757	64	61	Gaming
2509	288	262	Gaming
1358	575	846	Cloud
956	163	43	Commercial
2080	368	498	Botnet
2189	586	273	Gaming
1663	194	248	Commercial
82	853	383	Commercial
2102	25	569	Gaming
1289	226	218	msgBot
1089	240	715	Commercial
631	385	751	Cloud
358	968	627	Mining
743	555	76	Botnet
2963	971	875	Commercial
320	747	97	Commercial
1998	519	400	Gaming
1076	204	741	Gaming
1354	836	919	Gaming
1338	861	627	msgBot
107	508	556	msgBot
2001	947	289	Mining
736	930	33	Commercial
2845	215	274	Mining
2715	350	285	Commercial
2260	307	855	Commercial
1609	33	765	Gaming
278	924	947	Commercial
2336	165	998	Commercial
889	608	523	Gaming
2116	702	341	Commercial
760	972	71	Gaming
851	707	30	Botnet
1425	64	746	Botnet
1693	277	97	Commercial
2494	649	384	Botnet
923	830	352	Botnet
745	831	647	msgBot
242	853	119	Cloud
2370	820	92	msgBot
1050	860	24	Botnet
1238	402	306	Cloud
1336	982	805	Gaming
2642	656	593	Commercial
2815	217	549	Mining
798	866	678	Botnet
1549	167	64	Botnet
1673	905	316	msgBot
2128	54	220	Commercial
1610	279	456	Botnet
2738	442	140	Gaming
35	889	681	Botnet
2592	967	16	Commercial
1243	506	77	Gaming
348	345	855	Botnet
2581	873	103	Gaming
1137	2	163	Cloud
133	314	872	msgBot
1140	953	256	Mining
1267	978	64	Gaming
1590	596	85	Cloud
1782	424	661	msgBot
2649	183	786	Cloud
1906	98	777	Botnet
630	365	362	Commercial
1579	626	340	Gaming
1756	174	126	Gaming
971	581	45	Gaming
2472	736	443	Mining
1363	813	351	Cloud
1394	269	469	Botnet
691	959	253	Botnet
746	197	729	msgBot
2984	159	891	Commercial
980	5	743	msgBot
2754	15	183	Mining
2150	870	417	Cloud
174	91	495	Cloud
2099	467	478	Botnet
933	898	362	Mining
2672	513	152	Botnet
2060	286	803	Cloud
686	275	227	Commercial
1737	97	375	Mining
1903	549	124	Mining
1323	110	787	Gaming
2970	748	711	Gaming
2387	82	729	msgBot
1551	123	606	Gaming
2665	855	939	Gaming
128	330	550	Botnet
974	276	904	Gaming
2716	450	811	Mining
2476	646	617	Botnet
893	864	162	Commercial
464	454	670	Cloud
2441	305	234	Cloud
975	903	515	Mining
282	809	196	Gaming
251	656	49	Mining
989	935	181	Gaming
1530	297	615	Commercial
1313	157	47	Gaming
2681	721	744	Gaming
2947	505	939	Botnet
12	270	816	Commercial
2698	360	203	Cloud
1113	950	406	Botnet
1412	700	264	msgBot
1193	967	197	msgBot
2837	512	770	Mining
1361	324	122	msgBot
2703	395	568	Gaming
2979	940	548	Cloud
1965	885	351	Gaming
930	685	125	msgBot
135	119	730	Mining
2782	790	51	Botnet
706	29	853	Gaming
119	649	569	msgBot
2748	653	750	Mining
521	577	981	Gaming
258	861	997	Mining
573	186	105	Mining
2809	510	996	Botnet
1346	910	108	Gaming
738	296	827	Gaming
2467	168	472	Gaming
2942	297	691	Mining
1681	756	216	Gaming
626	578	776	Botnet
1188	145	948	Cloud
2848	829	158	Mining
1744	828	501	Cloud
2401	955	709	Botnet
1236	599	151	Botnet
23	119	421	Commercial
2719	328	811	Gaming
1084	445	721	Commercial
2960	294	68	Botnet
325	863	319	Gaming
678	137	382	Mining
2239	272	238	Cloud
1053	194	137	Gaming
2897	821	203	Mining
2333	388	92	Botnet
1974	567	201	Mining
2148	632	242	Cloud
547	311	561	Cloud
1164	40	715	Gaming
2889	834	256	Cloud
357	132	706	Cloud
1735	213	640	Gaming
2491	964	319	Commercial
1167	541	741	Botnet
682	192	113	Cloud
712	567	56	Commercial
1182	985	707	Gaming
1656	414	138	Commercial
984	932	244	Botnet
281	631	658	Commercial
968	350	292	Cloud
1422	293	943	Commercial
2462	565	523	msgBot
987	173	615	Botnet
2523	619	154	msgBot
2641	737	222	msgBot
720	384	71	msgBot
2374	2	570	Gaming
72	996	715	msgBot
997	406	911	msgBot
2871	364	228	Gaming
409	138	96	msgBot
2565	404	77	Botnet
803	57	779	Botnet
2827	227	359	Botnet
1662	941	131	Cloud
2888	591	98	Gaming
380	279	935	Botnet
2916	924	641	Commercial
2014	188	472	Gaming
1687	831	431	Commercial
387	56	157	Cloud
420	135	788	Cloud
1863	471	585	Botnet
102	379	193	Botnet
1364	196	574	msgBot
1108	56	338	Cloud
2459	264	430	Gaming
837	608	310	msgBot
1181	771	336	Gaming
1601	16	165	msgBot
1972	58	695	msgBot
1770	787	908	Cloud
1707	308	427	Cloud
916	229	850	Gaming
285	503	726	msgBot
184	948	293	Botnet
1567	377	663	Gaming
1449	969	212	Gaming
2400	840	420	Commercial
2714	909	777	Botnet
2246	986	80	Botnet
1242	822	205	Gaming
2643	823	354	Mining
1183	333	805	Botnet
1967	538	921	msgBot
865	517	932	msgBot
70	957	346	Cloud
1897	523	921	Mining
2900	898	452	Botnet
2283	809	323	Cloud
1661	282	879	Mining
766	159	478	msgBot
1701	618	685	Botnet
1259	156	597	Mining
1223	146	41	Botnet
815	443	818	msgBot
2535	171	53	Botnet
27	377	66	Mining
2605	473	45	Cloud
1110	922	534	Mining
1934	511	462	msgBot
66	176	811	Commercial
332	23	849	Cloud
2797	340	374	msgBot
259	798	130	Gaming
2584	997	144	msgBot
592	938	213	Mining
826	218	338	Mining
1057	750	99	Mining
1059	45	895	Mining
1300	9	552	Mining
2484	665	380	Mining
1680	306	123	Gaming
843	626	522	Botnet
1474	905	554	Cloud
1434	31	201	Commercial
324	731	3	Gaming
1642	461	782	Commercial
141	46	152	Cloud
1261	771	179	Botnet
868	401	967	Gaming
2552	232	482	Mining
2453	915	359	msgBot
1568	842	507	Botnet
1014	140	133	Cloud
2814	837	54	Gaming
1251	615	496	Gaming
318	786	490	Mining
2490	173	232	Botnet
2186	923	751	Cloud
1545	460	549	msgBot
452	684	370	Botnet
353	130	575	msgBot
2296	906	164	Botnet
1623	569	392	Gaming
1514	583	515	Botnet
711	214	513	Gaming
701	931	500	Botnet
2995	986	869	Cloud
1359	902	389	Cloud
276	48	812	Botnet
1717	929	418	Gaming
1738	411	226	Mining
2203	867	336	Cloud
2762	375	221	Botnet
1750	621	694	Cloud
394	167	951	msgBot
894	592	721	Botnet
640	642	318	Mining
1292	475	93	Gaming
1276	342	83	Gaming
2600	505	953	Gaming
1986	521	405	Gaming
1976	391	873	msgBot
1763	171	67	Botnet
227	350	594	msgBot
1845	23	675	Botnet
1792	909	312	Cloud
1866	107	498	msgBot
41	131	614	Mining
1437	922	586	Mining
1803	325	959	Botnet
2911	546	67	Botnet
1704	80	574	msgBot
809	497	816	Commercial
1710	375	885	Gaming
454	863	327	Botnet
2218	66	724	Cloud
1016	399	101	msgBot
2371	188	584	Commercial
100	469	13	Cloud
212	500	723	Botnet
654	911	425	Mining
1094	959	446	Commercial
364	15	611	Botnet
1109	677	529	Commercial
2750	985	802	Cloud
1856	719	363	Cloud
395	94	274	Gaming
2024	202	966	Commercial
1747	428	593	Commercial
548	555	424	Cloud
2402	863	484	Mining
209	346	60	Gaming
2181	612	779	Cloud
1968	225	679	Commercial
2976	811	757	Botnet
1521	486	246	Commercial
392	609	800	Mining
104	779	294	msgBot
2580	9	850	Gaming
1773	677	637	Gaming
1159	362	516	Cloud
614	520	160	Cloud
484	123	497	Cloud
1547	805	973	msgBot
1187	800	725	Cloud
2038	561	616	Gaming
2262	825	943	Botnet
1507	562	219	Commercial
2410	569	857	Mining
2655	276	554	msgBot
2201	896	677	Mining
2956	785	602	Cloud
1375	141	133	Gaming
565	202	882	Botnet
2598	566	942	Commercial
1331	380	842	msgBot
824	152	787	Cloud
2734	798	297	msgBot
18	597	968	Mining
1893	11	319	msgBot
778	202	682	Mining
2199	783	351	msgBot
1645	643	410	msgBot
703	28	812	Commercial
1969	530	355	Gaming
2118	520	646	Gaming
225	782	436	Botnet
2926	317	457	msgBot
730	844	632	Mining
708	656	222	Botnet
1950	193	408	msgBot
1836	550	317	Botnet
990	670	407	Commercial
655	394	269	Botnet
2206	570	873	Gaming
953	162	183	Gaming
2554	856	950	Gaming
960	623	806	Cloud
504	439	348	msgBot
1593	473	702	Botnet
1206	524	795	msgBot
1158	414	913	Cloud
1309	6	465	Botnet
819	619	472	msgBot
839	438	461	Botnet
2861	279	618	Commercial
2802	611	226	Cloud
1751	814	445	Cloud
1535	551	248	Mining
466	317	870	Botnet
2940	875	340	Gaming
2579	328	84	Botnet
518	944	292	Gaming
1534	664	790	Mining
1282	591	1	Mining
361	507	84	msgBot
2887	884	740	Mining
2997	301	333	Cloud
2530	385	445	msgBot
2117	263	243	msgBot
1012	412	305	Cloud
443	4	16	msgBot
2145	869	400	msgBot
972	111	351	Mining
2392	548	957	Botnet
1622	710	981	Botnet
928	56	2	msgBot
2875	573	210	msgBot
1327	102	246	Gaming
2450	722	968	Mining
872	576	19	Commercial
179	545	40	Botnet
1940	927	631	Mining
2619	247	775	Mining
158	250	286	Commercial
702	424	989	Commercial
1829	427	395	Mining
2675	619	639	Mining
1077	723	709	Mining
2932	991	64	Botnet
1784	606	105	Gaming
2597	156	187	Mining
2342	824	497	Mining
875	191	958	Commercial
2950	396	99	Cloud
2277	72	737	Botnet
2368	805	531	Cloud
620	296	758	Mining
460	776	981	Gaming
17	135	660	msgBot
2013	256	79	Cloud
1277	352	779	Cloud
816	452	306	Botnet
1226	838	448	msgBot
1440	140	803	Gaming
556	267	688	Gaming
1134	261	762	msgBot
605	878	619	Botnet
1858	319	3	Botnet
2079	375	330	Cloud
2137	786	899	Mining
1660	180	68	Commercial
1191	353	431	Cloud
2868	430	152	Botnet
1068	344	276	Mining
759	76	45	Mining
39	452	251	Commercial
60	928	699	Cloud
1317	662	842	Botnet
1200	992	906	Cloud
49	782	221	Gaming
2745	769	207	msgBot
1353	82	396	Mining
1144	561	316	Mining
2674	700	807	msgBot
2770	541	922	Gaming
1811	681	783	Mining
1154	164	197	Mining
685	798	144	msgBot
2168	608	283	Botnet
1596	792	525	msgBot
2051	329	572	Commercial
1065	910	38	msgBot
1075	357	599	Cloud
412	325	375	msgBot
2124	262	800	Mining
1988	745	727	Gaming
2214	48	855	Commercial
494	304	417	Botnet
952	508	277	Mining
1083	590	866	Mining
1147	89	662	Mining
1896	503	120	Gaming
2510	15	587	Gaming
2483	740	401	Gaming
1806	796	961	msgBot
2219	588	937	Gaming
492	895	698	Gaming
2949	537	345	msgBot
1760	584	284	Mining
753	212	138	Mining
1106	506	787	Cloud
2824	691	519	msgBot
423	822	365	Mining
2045	682	530	Botnet
1096	117	749	Botnet
1373	422	614	Commercial
1550	220	914	Gaming
2052	877	743	msgBot
1921	195	516	msgBot
428	340	27	Cloud
2028	710	165	Cloud
2266	803	830	msgBot
615	624	540	msgBot
498	460	632	Gaming
2854	733	875	msgBot
700	760	565	Gaming
2538	735	251	Gaming
1902	924	768	Commercial
2339	934	763	msgBot
1483	165	491	Cloud
1442	409	387	Mining
2340	118	400	msgBot
1676	759	989	Commercial
230	970	5	Commercial
2110	754	782	Commercial
2319	264	732	msgBot
1654	341	367	msgBot
1382	250	4	Commercial
2115	477	597	Botnet
2310	715	494	Botnet
2305	93	32	Commercial
2741	612	837	Commercial
1852	488	850	Gaming
1957	892	398	Botnet
1495	939	300	Cloud
636	667	551	Gaming
1301	342	999	Botnet
1246	103	727	Botnet
2436	783	246	Cloud
762	287	153	Cloud
757	308	929	Mining
1478	441	55	Botnet
1071	895	493	Botnet
683	95	635	Commercial
2191	770	873	Mining
2190	649	71	msgBot
2196	365	758	Cloud
456	657	805	Commercial
477	627	979	Mining
1888	564	296	Commercial
1595	819	888	Gaming
951	106	877	Gaming
2485	962	74	Botnet
1231	163	828	Mining
1004	751	249	msgBot
1055	195	603	Mining
1723	500	69	Commercial
2520	976	163	Mining
2258	886	130	msgBot
2086	887	20	Commercial
1340	539	63	Cloud
1620	900	334	Cloud
1180	360	200	msgBot
2267	72	613	Cloud
2769	41	371	Commercial
1807	692	962	msgBot
2536	215	345	msgBot
2037	205	326	Botnet
1774	942	989	Mining
827	357	351	Gaming
2177	659	141	Mining
391	911	102	Botnet
2357	925	512	Cloud
710	225	61	Commercial
2386	319	34	Commercial
279	126	695	Botnet
286	153	413	Mining
2912	765	347	msgBot
1025	833	687	Cloud
2679	348	631	Botnet
840	879	965	Gaming
603	872	773	Gaming
1553	922	983	Mining
509	420	703	msgBot
183	311	143	Gaming
176	874	11	msgBot
1562	297	690	Gaming
2033	923	869	Botnet
2275	802	159	msgBot
1030	588	522	Cloud
2551	316	177	Cloud
2633	980	562	Mining
2780	716	881	Commercial
1812	289	813	Commercial
2156	906	634	msgBot
1439	375	497	Mining
1816	57	859	Commercial
1204	74	876	Botnet
2564	68	399	msgBot
1904	66	834	Cloud
1111	709	884	Mining
2687	386	478	Commercial
1284	67	783	Mining
908	972	597	Botnet
2983	449	172	Botnet
696	224	656	Cloud
823	937	641	Botnet
304	832	561	Gaming
217	997	185	Commercial
664	636	620	Botnet
533	255	677	Cloud
2422	938	335	Mining
399	165	833	msgBot
2683	667	702	Commercial
1685	333	742	Mining
2931	261	132	Mining
2616	890	219	Botnet
2169	867	119	Mining
2360	860	482	Gaming
1941	122	273	Cloud
1028	209	458	msgBot
1754	476	575	msgBot
1853	544	293	Gaming
2309	340	194	Gaming
1722	700	961	Cloud
170	524	373	msgBot
1189	201	866	Cloud
175	429	496	Cloud
160	827	783	Commercial
261	486	313	Botnet
1602	445	185	Botnet
2373	668	942	Gaming
2791	701	979	Gaming
2772	633	296	Mining
1221	857	388	msgBot
2125	840	771	Commercial
2388	189	604	Gaming
1325	902	377	Botnet
2369	844	87	Mining
2294	308	230	Botnet
1889	641	905	Botnet
2482	675	217	Mining
773	234	838	Gaming
2981	42	979	Gaming
1020	945	690	Mining
2133	331	520	msgBot
578	876	592	Botnet
2098	176	885	Mining
934	887	247	Botnet
2390	848	969	Commercial
426	701	153	Botnet
2223	102	204	Mining
235	705	399	Gaming
371	86	923	Gaming
2537	864	415	Commercial
2572	391	1000	msgBot
2874	746	668	Mining
1399	406	718	Botnet
2500	870	547	Cloud
909	144	637	Botnet
1944	326	306	Botnet
2631	919	658	Gaming
2677	702	615	Mining
233	295	801	Botnet
1498	560	536	Botnet
2427	703	843	Botnet
1297	756	727	Gaming
1540	950	418	Botnet
383	141	466	Cloud
2668	918	67	Commercial
1247	301	668	Mining
461	743	657	Botnet
2636	848	643	msgBot
2529	771	870	Botnet
2229	89	357	msgBot
418	819	316	Commercial
2480	548	19	Cloud
805	436	135	Mining
2107	575	643	msgBot
1031	97	44	Cloud
1186	311	859	msgBot
1539	540	298	Mining
2692	58	890	msgBot
1023	377	531	msgBot
87	762	643	Botnet
1525	870	815	Commercial
1456	987	211	Commercial
407	461	892	Cloud
80	416	282	Cloud
335	251	202	Gaming
955	150	24	Cloud
2627	615	170	Commercial
2197	126	959	Gaming
1826	645	857	Commercial
1669	450	573	Mining
2941	965	889	Cloud
2321	843	548	Botnet
352	870	87	Botnet
1146	89	997	Cloud
1637	519	721	Botnet
2541	343	637	Botnet
347	289	239	msgBot
1895	293	622	Mining
96	665	12	msgBot
1732	342	428	Gaming
740	241	74	Mining
820	813	52	Botnet
1951	79	328	Gaming
173	293	105	Botnet
2765	203	824	msgBot
2886	103	669	Cloud
621	758	414	Gaming
858	202	349	Mining
628	884	170	msgBot
1935	521	354	msgBot
850	669	911	Cloud
411	313	826	Botnet
986	56	727	Botnet
2426	254	679	Cloud
882	325	704	Commercial
1421	170	917	Commercial
2918	750	378	Commercial
1369	283	931	msgBot
6	612	352	Cloud
1357	289	143	msgBot
2286	968	175	Commercial
2287	775	640	Botnet
2149	992	244	Commercial
2936	903	455	Cloud
1143	594	294	Mining
2212	408	769	Gaming
523	779	951	Botnet
584	152	384	Botnet
115	255	401	Gaming
2798	782	81	Commercial
2238	91	200	Botnet
2839	961	643	Commercial
1605	201	612	Botnet
2350	500	584	Cloud
1196	731	996	Botnet
2032	269	425	Commercial
1349	97	706	Commercial
2758	934	868	Botnet
526	410	812	Gaming
1614	158	885	Mining
415	882	415	Commercial
2155	349	624	Cloud
1100	393	982	Cloud
535	991	15	msgBot
1265	652	686	Cloud
252	99	556	Commercial
713	970	93	Cloud
609	763	117	msgBot
2667	39	734	Cloud
2383	704	216	Commercial
2298	300	409	msgBot
1943	120	620	msgBot
1472	632	126	msgBot
2261	104	713	Commercial
2092	702	401	Cloud
629	539	898	Commercial
437	393	294	Mining
105	608	540	Cloud
2439	561	921	Cloud
74	854	327	Commercial
301	299	779	Cloud
2822	948	571	Commercial
906	298	333	Mining
1789	130	481	msgBot
1522	114	226	Mining
2923	564	359	Cloud
861	937	845	Gaming
707	148	557	Cloud
536	111	963	Botnet
1639	958	25	Botnet
658	917	872	Gaming
2621	606	390	Commercial
2794	36	835	Botnet
307	100	320	Mining
2236	935	286	Mining
2198	379	736	Botnet
528	639	491	Cloud
374	713	862	msgBot
885	787	515	Cloud
305	675	482	Mining
329	499	91	Cloud
438	889	127	Cloud
576	91	34	Gaming
1913	150	864	Cloud
1516	581	778	msgBot
2680	666	287	Botnet
1899	237	800	Mining
2083	198	578	Gaming
1854	682	798	Mining
2271	914	333	Cloud
1269	967	705	Commercial
444	929	247	Gaming
463	179	138	Mining
2185	812	551	Mining
562	239	515	Cloud
1395	879	665	Commercial
1393	550	771	Cloud
2747	699	836	Cloud
62	683	28	Commercial
384	209	60	msgBot
300	67	568	msgBot
337	432	933	msgBot
881	657	886	Mining
524	889	151	Cloud
2178	343	794	msgBot
2034	99	126	Commercial
651	303	324	Commercial
2006	534	521	Cloud
2165	814	541	Gaming
34	411	498	Commercial
90	182	525	msgBot
2651	814	865	Botnet
2409	941	663	Commercial
1883	797	359	Mining
1461	863	771	msgBot
1344	612	776	msgBot
1286	352	592	Gaming
1139	407	807	Gaming
2253	409	519	Mining
1086	329	350	msgBot
564	387	45	Mining
1138	239	772	Gaming
2980	411	309	Botnet
1101	881	84	Mining
2349	73	316	Cloud
531	469	907	Mining
31	854	237	Commercial
2496	600	925	Mining
2577	833	811	Mining
2064	461	275	Mining
890	809	751	msgBot
1948	983	965	msgBot
2771	504	54	Gaming
2812	962	967	Cloud
1842	633	901	Mining
804	353	421	Mining
237	545	240	Cloud
905	33	501	Mining
432	28	78	Gaming
1861	102	158	msgBot
1253	122	58	Mining
1288	433	997	msgBot
1586	22	521	msgBot
876	572	399	msgBot
1872	936	591	Gaming
408	261	483	Botnet
958	692	739	msgBot
346	798	560	Commercial
2378	965	530	Gaming
2860	143	668	Cloud
2725	824	976	Gaming
216	834	712	msgBot
1790	991	663	Gaming
2678	760	926	msgBot
488	931	337	msgBot
2863	408	112	Commercial
1659	820	46	Commercial
116	978	267	Gaming
2966	677	90	msgBot
153	166	597	Gaming
2428	800	260	Mining
2829	883	948	Commercial
2669	210	841	msgBot
2241	65	202	Mining
468	996	593	Botnet
2944	674	1	Cloud
1973	925	524	Commercial
309	281	209	msgBot
206	840	380	Botnet
1880	335	1	msgBot
1370	639	810	Mining
846	860	699	Gaming
842	232	616	Commercial
2183	24	259	Cloud
587	519	297	msgBot
1582	258	179	Cloud
1287	512	395	Mining
200	869	163	Mining
2519	830	560	Botnet
1209	655	752	msgBot
1871	205	774	msgBot
1632	11	576	Mining
2058	688	718	Gaming
1374	654	929	Commercial
2601	879	117	Commercial
2364	418	971	Gaming
2901	693	604	Commercial
1512	422	979	msgBot
829	940	773	Mining
574	763	423	msgBot
1964	440	588	Gaming
1648	641	752	msgBot
1678	503	416	msgBot
1675	708	835	Commercial
268	387	475	Mining
2348	893	470	Botnet
52	418	396	Cloud
2375	156	246	Mining
2164	472	153	Mining
1509	171	890	Commercial
2763	588	571	Commercial
530	421	819	Gaming
2167	505	593	Botnet
177	680	946	Botnet
403	560	227	Botnet
2192	951	380	msgBot
2317	560	138	Commercial
510	564	921	Cloud
42	319	743	Gaming
1054	850	19	Cloud
942	170	123	msgBot
1536	827	770	Mining
2522	954	260	Gaming
150	545	160	Botnet
291	598	492	Mining
2673	87	343	Mining
1127	394	8	Gaming
697	603	371	Cloud
2907	336	328	Commercial
742	478	48	msgBot
129	392	490	Commercial
71	406	123	Cloud
1731	973	528	Commercial
1365	121	283	msgBot
2295	943	991	Botnet
2022	162	801	Botnet
668	905	722	Mining
2555	442	505	Cloud
144	960	769	Mining
635	199	356	Commercial
1742	296	885	Botnet
1051	393	607	Cloud
799	771	636	Gaming
189	217	387	Botnet
263	958	53	msgBot
1923	320	419	Commercial
2455	108	888	msgBot
879	668	618	Mining
1131	930	333	Mining
546	49	347	Gaming
54	174	821	Botnet
202	600	63	Commercial
2566	48	35	Botnet
1432	866	64	Botnet
505	746	97	Cloud
2603	946	258	msgBot
519	928	416	Cloud
2180	152	91	Cloud
2446	712	912	Mining
1119	440	68	Botnet
63	649	349	Cloud
