2389	546	171	Gaming
2981	311	900	msgBot
2971	937	773	Mining
2410	955	289	Commercial
2773	236	591	Botnet
1983	988	344	Commercial
1273	602	388	Mining
2279	537	745	Commercial
1648	555	569	Botnet
22	422	889	msgBot
2504	646	73	msgBot
2026	837	918	msgBot
1128	200	958	msgBot
1154	746	99	msgBot
1132	957	696	Mining
1323	303	554	Mining
2307	405	545	Botnet
1534	396	995	Commercial
2922	197	513	Botnet
2350	118	720	Botnet
1600	996	169	Cloud
2031	959	543	Commercial
134	969	7	Mining
2628	826	54	Botnet
260	586	565	Commercial
690	681	73	msgBot
931	869	589	Cloud
868	25	628	Cloud
1803	294	87	Botnet
2907	405	331	Cloud
2827	806	569	Cloud
2161	169	687	Commercial
2500	96	377	Commercial
1040	765	460	Commercial
2590	236	892	Gaming
1317	164	411	Botnet
527	117	96	Mining
2920	617	446	Mining
1914	494	94	Gaming
2287	20	211	Commercial
2744	586	928	Mining
83	944	646	Cloud
293	910	862	Mining
1523	81	161	Mining
2016	407	461	Gaming
496	778	305	msgBot
43	762	135	msgBot
2484	512	247	Mining
1805	826	441	msgBot
1907	897	655	Mining
426	215	707	Commercial
2529	298	808	Commercial
422	586	592	Cloud
1703	65	415	Cloud
342	388	112	Mining
832	479	722	Gaming
866	17	163	msgBot
728	937	134	Cloud
807	309	42	Gaming
2721	549	872	msgBot
2106	481	145	Cloud
1587	35	467	Botnet
146	231	272	Gaming
962	99	629	msgBot
2214	337	609	msgBot
2018	247	27	Cloud
2603	398	671	Cloud
2168	265	244	msgBot
1042	162	833	Mining
2027	219	151	Commercial
763	269	506	Commercial
284	807	185	Cloud
2171	405	544	Mining
2735	255	656	Botnet
2198	446	875	Botnet
164	378	836	Cloud
2188	658	714	Commercial
2076	638	605	Mining
1400	658	404	Gaming
2021	311	359	Botnet
646	749	615	Gaming
1778	213	912	Commercial
952	592	329	Gaming
1806	865	674	Mining
1270	211	853	Cloud
2764	827	609	Botnet
590	13	169	Botnet
657	850	910	Mining
2019	988	468	Mining
701	678	549	Commercial
1678	36	743	Cloud
2720	867	554	Gaming
2375	480	592	msgBot
1517	426	487	msgBot
387	410	5	Gaming
365	951	517	Mining
1589	442	508	Commercial
2496	91	894	Gaming
1006	351	988	Cloud
1345	556	9	Mining
2826	371	848	Mining
1027	527	22	Commercial
2490	723	545	Botnet
1229	579	653	msgBot
639	335	549	Gaming
2345	353	35	msgBot
2955	315	425	Gaming
611	667	651	Commercial
2143	838	965	msgBot
2833	394	194	Gaming
1049	761	501	Mining
1978	853	447	Cloud
2671	615	271	Botnet
1407	271	503	Botnet
1895	606	131	Botnet
2208	1	597	Mining
1474	484	681	Gaming
2486	864	950	msgBot
1693	537	355	Mining
418	769	376	Mining
2015	387	415	Botnet
768	439	18	Botnet
1839	430	11	Cloud
1935	26	733	msgBot
2445	920	415	Mining
2477	590	713	Gaming
12	748	156	Botnet
1817	62	720	Mining
2516	455	848	Cloud
2006	411	125	Cloud
1819	73	360	Botnet
1687	594	218	Commercial
2430	628	916	Mining
1078	819	358	Mining
494	367	893	Cloud
2953	857	11	msgBot
1995	713	334	Mining
2435	238	584	Gaming
1147	475	570	Commercial
871	897	354	msgBot
619	638	741	Botnet
2473	857	416	Commercial
684	832	74	Commercial
873	380	650	Gaming
1175	217	982	Cloud
1500	448	68	Botnet
1623	600	724	Botnet
1432	164	713	Cloud
26	523	175	msgBot
635	835	288	Mining
2023	8	578	Botnet
805	288	757	Gaming
2070	187	17	Cloud
670	224	609	Gaming
604	287	525	Botnet
617	713	50	Mining
1326	773	763	Mining
1779	27	279	Gaming
1269	804	64	Gaming
858	666	751	msgBot
1325	569	433	Cloud
2789	976	764	Gaming
1381	864	916	Botnet
1084	665	845	Mining
1021	95	564	Gaming
1690	545	410	Gaming
196	556	29	Cloud
1037	431	834	msgBot
1922	641	628	Mining
2170	106	343	Botnet
1283	550	638	Mining
1702	495	346	Mining
469	378	800	Mining
2556	961	410	Cloud
1235	687	436	Gaming
2331	552	897	Cloud
1921	217	660	Cloud
278	37	882	Cloud
567	259	201	msgBot
1211	142	854	msgBot
1607	733	823	msgBot
32	472	673	Gaming
2085	506	807	Cloud
1450	690	7	Botnet
1549	67	233	Botnet
1292	181	474	Gaming
1446	454	89	Gaming
166	502	43	Cloud
456	419	916	Commercial
1721	736	390	Mining
1044	488	268	msgBot
2570	1000	719	Mining
329	148	367	Commercial
910	207	364	Cloud
2049	313	599	Gaming
724	107	938	Gaming
272	584	263	Cloud
1712	421	809	Commercial
2992	371	240	Botnet
1601	254	830	Commercial
990	66	628	Cloud
2538	107	234	Cloud
994	235	16	Botnet
7	227	925	Gaming
710	110	149	Botnet
539	180	767	msgBot
2270	674	190	msgBot
1546	346	187	Botnet
2950	10	247	Mining
375	771	217	Commercial
2828	872	26	msgBot
732	498	858	Botnet
1777	79	561	Cloud
2157	521	350	Botnet
251	864	388	msgBot
491	671	115	Botnet
1563	498	92	Mining
1019	255	851	Cloud
2731	102	538	Mining
1231	725	561	Botnet
343	726	200	Commercial
1752	296	698	Commercial
782	617	770	Gaming
2813	594	250	Gaming
333	587	99	Cloud
2063	885	994	Botnet
311	704	879	Cloud
1157	321	235	Cloud
575	930	910	Commercial
2991	136	566	Botnet
1117	743	466	Cloud
2622	772	290	msgBot
177	129	994	Botnet
191	304	84	Commercial
2615	950	447	Gaming
256	784	176	Mining
2138	466	549	msgBot
1176	672	35	Mining
1204	502	270	Commercial
1073	566	444	msgBot
53	370	757	Botnet
1637	358	273	msgBot
2431	692	980	Mining
2187	815	754	Gaming
1181	277	468	Commercial
195	561	457	Gaming
1639	657	756	msgBot
299	355	460	Gaming
207	695	447	Gaming
420	859	480	Commercial
1893	217	471	Commercial
414	618	404	Gaming
1882	34	854	Mining
478	967	220	Botnet
2738	684	663	Cloud
2014	883	629	Gaming
236	393	694	Commercial
2667	160	602	Mining
1852	554	293	Botnet
696	90	536	msgBot
2034	190	693	msgBot
265	375	618	Mining
1015	951	47	Mining
1833	514	53	Botnet
1658	393	510	msgBot
2381	623	200	msgBot
1972	763	874	Cloud
1083	542	197	Commercial
433	260	701	Mining
929	544	254	Commercial
2722	75	168	Commercial
2954	334	756	Commercial
2986	552	936	Botnet
1253	302	90	Cloud
678	931	323	Botnet
1834	248	200	Gaming
1180	846	822	Mining
2967	417	669	Gaming
648	667	739	Botnet
1082	935	712	Gaming
1815	840	511	Gaming
114	31	626	Mining
1451	533	456	Commercial
1749	851	613	msgBot
918	698	194	Cloud
2849	414	381	Commercial
1062	621	257	Cloud
1861	907	172	Cloud
649	628	764	Commercial
1660	715	479	Gaming
1262	782	259	Commercial
736	539	546	msgBot
288	925	52	Botnet
305	250	217	Cloud
1148	609	789	Botnet
2571	34	214	Botnet
888	173	684	msgBot
823	33	917	Gaming
33	719	117	Gaming
2376	979	146	Gaming
1915	161	507	Mining
2647	117	151	Gaming
1964	452	850	Cloud
277	924	324	Commercial
2228	508	437	msgBot
258	384	298	Botnet
2881	496	573	Botnet
1890	919	294	Cloud
944	847	844	Commercial
2419	723	1	Commercial
424	426	609	Cloud
838	932	583	Gaming
1929	519	557	Botnet
1932	469	138	Botnet
677	552	529	Mining
1614	44	397	Mining
382	348	318	Botnet
291	822	308	Commercial
513	408	51	Commercial
2890	508	962	Mining
1457	52	532	Commercial
255	246	466	Cloud
2775	100	69	Mining
108	379	223	msgBot
89	460	740	Botnet
843	418	470	Gaming
1456	637	596	Commercial
779	111	682	Gaming
1642	928	545	Cloud
2172	65	806	Mining
1053	2	215	Mining
2683	124	873	Gaming
2092	728	619	msgBot
1888	384	546	Gaming
913	41	876	Gaming
1487	690	845	Gaming
437	491	765	Mining
2032	845	877	Gaming
1484	383	479	Gaming
460	370	422	Gaming
2525	162	81	Mining
2801	34	509	Mining
170	508	681	msgBot
2423	314	779	Cloud
748	301	342	Gaming
94	401	529	msgBot
2572	98	753	Mining
584	431	351	Gaming
105	407	693	Botnet
2215	956	728	Mining
1287	662	820	Botnet
1064	15	15	Mining
1679	233	818	Commercial
141	239	869	Mining
545	854	894	Gaming
175	305	416	Commercial
1602	814	246	Commercial
679	167	98	Botnet
2236	112	159	Gaming
226	60	409	msgBot
2447	469	292	Mining
1182	674	733	Botnet
193	994	174	Commercial
2059	659	452	Mining
1136	847	411	Mining
1745	487	882	Cloud
2957	959	296	Gaming
2298	747	162	msgBot
353	962	739	Botnet
2916	13	50	Mining
1475	725	257	Gaming
1842	72	415	Gaming
451	967	846	Commercial
2551	383	856	Botnet
117	835	7	Mining
2475	944	678	Commercial
978	305	964	Commercial
2585	140	756	Commercial
2394	727	649	Gaming
2786	375	442	Botnet
1028	674	572	Commercial
895	634	566	Mining
1804	398	175	Cloud
210	555	236	Cloud
1393	548	591	Gaming
1280	75	494	msgBot
503	583	83	Commercial
2507	941	508	Gaming
1843	402	581	Gaming
1816	236	810	Commercial
1672	280	196	msgBot
852	40	939	Commercial
69	395	658	Mining
1869	935	572	Botnet
2185	708	702	Mining
637	605	756	Mining
1051	633	232	Cloud
1480	932	478	Gaming
17	476	795	Commercial
2685	67	144	msgBot
1720	788	971	msgBot
1558	367	223	msgBot
2543	625	880	Cloud
2850	914	708	Mining
958	532	429	Commercial
555	213	723	msgBot
1917	822	285	msgBot
516	681	262	Botnet
2710	168	5	Mining
2792	180	208	Cloud
2329	97	571	msgBot
1161	891	355	Commercial
1759	328	440	Cloud
2836	981	824	Mining
2316	688	447	Mining
1465	321	879	Cloud
266	341	471	Cloud
1531	861	669	Botnet
658	434	540	Botnet
521	954	182	Gaming
370	919	217	Gaming
798	263	241	msgBot
2087	842	613	Gaming
2444	43	434	Mining
2008	62	38	Mining
752	820	345	Mining
1713	859	932	Gaming
359	201	77	Botnet
1297	272	272	Commercial
501	524	741	msgBot
497	608	185	Commercial
506	414	678	Botnet
2923	608	848	Cloud
395	918	237	msgBot
1367	631	558	Gaming
822	463	821	Botnet
247	657	220	Cloud
2412	146	262	Commercial
2575	313	998	Cloud
963	157	668	Cloud
1036	409	822	msgBot
212	579	263	Commercial
2862	558	176	Mining
2598	95	813	Botnet
2081	390	668	Cloud
2315	508	886	Gaming
2265	783	950	Gaming
1007	254	664	Botnet
2379	51	837	Botnet
1919	358	634	msgBot
1976	268	658	msgBot
623	725	113	Botnet
889	327	572	Cloud
2499	160	782	Mining
1108	535	649	Commercial
2668	203	498	Commercial
1873	559	819	Botnet
1886	753	50	Commercial
789	299	758	Commercial
780	423	55	Botnet
2089	259	750	Gaming
1655	310	910	msgBot
2982	124	644	Gaming
897	9	204	Cloud
2290	970	787	msgBot
2061	427	673	Mining
757	232	942	Gaming
1688	6	72	Cloud
130	699	982	Mining
1174	184	569	msgBot
2194	463	238	Gaming
2795	868	764	Mining
2252	203	158	msgBot
2699	798	556	Gaming
2865	651	617	msgBot
988	7	901	Cloud
1402	549	996	Botnet
16	861	616	msgBot
2489	652	469	Cloud
2399	773	252	Gaming
1894	240	286	Mining
2096	839	925	Botnet
2123	439	282	Botnet
2065	429	809	Mining
1889	105	650	Gaming
2915	351	913	Gaming
2841	864	474	Gaming
292	760	102	Mining
1782	756	455	msgBot
966	201	994	Cloud
1160	631	558	Mining
633	851	546	Botnet
705	300	15	Gaming
2443	628	490	Commercial
1985	7	301	Botnet
2820	421	87	Mining
1640	283	690	Cloud
2091	516	845	msgBot
1440	775	3	Gaming
1641	519	624	Botnet
55	327	50	Commercial
2663	590	328	Mining
1363	70	506	msgBot
2613	823	553	Commercial
715	304	181	Mining
198	603	261	Botnet
1617	395	397	Commercial
956	741	793	msgBot
984	526	174	Botnet
836	267	304	msgBot
2241	629	927	Botnet
476	729	265	Mining
616	307	683	msgBot
1513	86	481	Mining
1556	932	685	Commercial
2120	582	987	Commercial
2472	933	264	Cloud
2093	819	447	Mining
2757	651	423	Gaming
304	420	220	Mining
802	418	840	Commercial
2815	175	92	Commercial
25	223	775	Botnet
2466	785	577	Commercial
1631	876	373	Commercial
2893	23	280	Mining
2017	861	135	Mining
2437	701	402	Gaming
909	602	308	Mining
383	652	896	Gaming
2028	296	848	Mining
772	17	86	Commercial
2787	62	320	Commercial
2995	861	614	Botnet
872	19	145	Commercial
2734	996	518	Commercial
1647	455	415	Cloud
781	713	258	msgBot
1565	86	875	Mining
1468	485	502	Commercial
1572	181	267	msgBot
2966	259	841	Cloud
1302	49	501	Mining
1638	40	881	Cloud
2614	465	296	Botnet
2105	341	371	Botnet
190	638	6	Cloud
2749	873	405	Mining
523	803	176	Mining
2852	723	106	Mining
2930	708	433	Mining
1324	439	52	msgBot
2604	742	687	Gaming
2905	897	685	Mining
790	696	763	Commercial
1802	457	188	Cloud
2566	686	866	Cloud
1771	33	469	Botnet
1881	555	77	Cloud
93	244	634	Cloud
1106	558	766	Gaming
391	375	411	Mining
675	172	826	Mining
1124	661	385	msgBot
2658	754	666	msgBot
1190	566	496	Gaming
2578	208	461	Mining
2706	739	362	Gaming
468	270	829	Gaming
2163	528	342	Gaming
2677	293	155	Gaming
2513	367	665	msgBot
2688	359	870	Cloud
629	611	599	Cloud
2593	567	474	Commercial
1369	392	420	Cloud
2090	273	556	msgBot
2128	297	581	Commercial
2118	363	365	msgBot
937	859	247	Gaming
1122	18	492	Botnet
1867	211	212	Botnet
1762	615	921	msgBot
490	407	502	Mining
99	502	158	Gaming
2366	960	170	Gaming
2655	149	625	Cloud
947	798	603	Gaming
510	387	772	Mining
2297	462	527	msgBot
2167	955	160	msgBot
2164	757	298	Commercial
1603	910	856	msgBot
152	918	311	msgBot
31	209	824	Botnet
1397	713	607	Cloud
1096	566	557	Cloud
1220	1000	274	Cloud
1005	964	735	Botnet
1966	999	966	msgBot
1058	136	500	Botnet
1543	367	827	Mining
520	35	200	msgBot
2845	361	163	msgBot
250	186	433	Commercial
1408	325	579	Mining
570	225	911	Mining
1585	147	780	Botnet
1012	954	140	Commercial
2487	237	963	Gaming
1527	834	457	Mining
2977	796	178	Cloud
813	693	270	Cloud
1754	52	24	Commercial
643	393	112	Commercial
1466	502	781	Mining
1412	184	867	Botnet
1063	882	622	Mining
1427	841	436	msgBot
1244	910	963	Cloud
689	505	119	Botnet
579	744	128	Gaming
1588	533	19	Gaming
1708	605	486	msgBot
597	99	180	Botnet
13	957	816	Gaming
2327	733	363	msgBot
2654	579	558	Cloud
1512	159	239	Cloud
2068	430	592	Gaming
1448	255	587	Commercial
2332	112	382	msgBot
558	632	564	Botnet
1201	340	60	Gaming
149	217	575	Cloud
906	687	648	Gaming
223	789	311	Cloud
302	333	256	Commercial
326	972	450	Mining
222	65	656	Mining
833	382	799	Commercial
2736	470	212	Mining
932	572	746	Cloud
2184	195	441	Commercial
2921	590	706	msgBot
1103	58	945	Cloud
2281	502	582	msgBot
811	679	973	msgBot
1431	942	995	Botnet
1020	21	392	Commercial
1496	503	38	msgBot
297	246	420	Botnet
2324	857	193	Mining
408	122	30	Mining
379	84	179	Mining
740	251	289	Mining
1166	48	88	Cloud
1026	698	29	Mining
397	525	175	Commercial
680	928	820	msgBot
406	577	571	Commercial
1034	357	472	Gaming
2940	311	47	Commercial
2174	607	335	Cloud
1247	8	597	Commercial
2670	626	257	Cloud
828	340	636	msgBot
2701	481	882	Mining
1458	75	234	msgBot
464	996	618	msgBot
488	744	347	Gaming
598	713	957	Cloud
82	494	833	Botnet
1970	401	418	Commercial
574	284	521	Gaming
1202	716	854	Commercial
165	953	443	Botnet
2232	682	47	msgBot
2586	804	932	Cloud
1555	241	306	Cloud
2359	873	437	Botnet
2479	777	726	Gaming
1243	331	320	msgBot
392	773	16	Cloud
366	545	39	Gaming
2	653	590	Commercial
549	697	273	Cloud
2177	422	892	Cloud
1060	32	65	Cloud
1240	331	890	Gaming
2707	942	835	Mining
544	31	736	Botnet
1613	928	12	Botnet
762	554	807	Cloud
2126	320	457	Gaming
2432	442	405	Mining
2960	119	462	Botnet
184	590	83	Botnet
688	661	145	Gaming
1872	273	930	Cloud
189	821	612	Mining
1349	273	944	Gaming
2367	89	571	Gaming
2436	791	842	Cloud
939	312	251	Botnet
525	147	100	Mining
672	205	746	Mining
2336	166	641	Gaming
254	656	88	Commercial
2210	854	309	Gaming
1271	68	465	Cloud
1119	889	517	Botnet
783	470	644	Cloud
1218	862	250	Cloud
2481	644	492	Gaming
1497	769	484	Botnet
1277	762	715	Commercial
367	484	846	Cloud
380	682	394	Commercial
593	273	933	Gaming
2811	876	371	Cloud
1528	405	836	Cloud
759	513	629	Cloud
955	464	481	Botnet
883	975	672	Gaming
1564	196	487	Botnet
1626	898	325	Commercial
1258	863	533	Commercial
2733	71	637	Cloud
610	119	269	Cloud
1094	723	171	Commercial
430	247	912	Botnet
2747	618	272	Botnet
2894	330	226	Gaming
1483	212	393	Botnet
557	769	118	msgBot
225	276	849	Commercial
1423	330	806	Cloud
1506	722	450	Gaming
2313	808	202	msgBot
2753	365	643	msgBot
324	591	203	Gaming
179	407	992	Botnet
2110	248	134	Commercial
319	941	320	Mining
1961	988	857	Mining
1389	476	99	Botnet
439	747	277	Commercial
837	172	653	Botnet
1618	983	622	Gaming
1401	73	172	Commercial
2209	406	121	Mining
577	841	287	Botnet
1649	852	200	Botnet
425	900	54	msgBot
2395	709	608	Gaming
1671	464	952	Botnet
378	270	662	Botnet
410	309	395	Commercial
896	626	287	Cloud
786	650	104	msgBot
2653	213	944	Botnet
1887	167	135	Mining
1364	572	627	Gaming
1374	232	122	Commercial
755	512	975	Commercial
706	946	923	Commercial
901	21	245	Botnet
1150	93	300	Commercial
2761	165	565	Cloud
56	63	638	Cloud
533	496	994	Cloud
1936	333	163	Gaming
1171	334	442	Cloud
2380	969	400	Mining
2705	349	961	Mining
466	948	42	msgBot
1657	898	29	Botnet
1578	88	189	Mining
1757	557	14	msgBot
1338	614	104	Gaming
1710	717	182	Commercial
2583	519	914	Botnet
1156	166	112	msgBot
859	161	789	Gaming
773	783	445	Commercial
47	901	3	Cloud
285	474	337	Gaming
915	160	869	Gaming
777	985	853	Mining
644	449	400	Mining
2421	812	311	Mining
1910	355	417	Gaming
145	69	917	Mining
2537	492	900	msgBot
1050	439	228	Cloud
2045	419	703	Gaming
917	921	250	Gaming
1000	151	807	Gaming
104	868	352	Cloud
869	490	605	Botnet
126	340	106	Botnet
792	254	707	Commercial
1013	652	645	Mining
2354	683	382	Cloud
774	569	391	msgBot
2686	542	476	Botnet
162	248	139	Cloud
1786	389	507	Cloud
2039	43	559	msgBot
35	624	792	Gaming
2231	921	777	Commercial
1813	625	486	Botnet
2560	155	755	Botnet
2413	69	305	msgBot
1499	394	253	Cloud
2121	726	723	Mining
1948	761	482	Gaming
949	270	543	Mining
1332	382	589	Botnet
1075	386	917	Commercial
903	978	415	Gaming
1030	355	624	Gaming
1032	22	267	Cloud
92	57	789	Cloud
622	947	793	Cloud
2356	807	336	Commercial
973	238	985	Gaming
334	733	356	Cloud
2831	851	750	Botnet
2362	282	879	Gaming
2305	533	844	msgBot
713	687	253	msgBot
1461	912	349	Cloud
714	741	998	Botnet
2043	900	114	msgBot
1295	1000	676	Cloud
2301	246	296	Commercial
1928	536	669	Cloud
1272	588	359	Botnet
1662	546	171	Cloud
2860	158	636	Cloud
1980	498	506	Gaming
41	316	299	msgBot
2498	378	445	Commercial
2656	738	79	Commercial
2388	735	705	msgBot
2060	899	587	Mining
1868	8	522	Commercial
2450	721	790	Commercial
1661	147	439	Mining
2082	466	1000	Mining
180	867	757	Botnet
2779	116	58	Commercial
48	8	899	msgBot
905	159	6	Commercial
665	252	917	msgBot
1127	512	8	Gaming
2013	794	23	msgBot
2100	771	880	Botnet
2643	240	720	Botnet
2429	377	700	Commercial
1322	73	206	Botnet
2846	293	3	Cloud
2428	80	9	Mining
2190	677	261	Gaming
1899	14	414	Mining
1581	495	75	Botnet
432	765	958	msgBot
1969	846	529	msgBot
887	779	323	msgBot
21	319	280	Gaming
39	731	817	Commercial
1354	332	600	Botnet
1281	637	424	Cloud
485	921	161	Botnet
1459	998	203	Gaming
1566	406	530	Mining
1090	232	817	Botnet
687	380	327	Botnet
864	227	341	Botnet
301	557	706	Commercial
2568	696	792	Gaming
50	550	47	Commercial
2263	758	630	Gaming
1373	836	984	Gaming
667	407	753	Mining
1691	636	909	Cloud
2564	572	64	Mining
2554	143	546	Cloud
2406	982	974	Gaming
1041	14	513	Cloud
1234	1000	41	msgBot
977	402	984	Commercial
1142	335	137	Cloud
1250	456	897	Mining
2485	644	760	msgBot
727	526	335	Mining
1653	877	126	Commercial
1598	650	524	Cloud
209	816	422	msgBot
874	349	485	msgBot
435	226	160	Cloud
1962	264	116	Mining
1736	958	164	Botnet
2964	404	142	Mining
2306	210	118	Cloud
1810	34	127	Cloud
1355	504	814	Cloud
1677	867	246	Cloud
2873	274	67	Mining
1205	771	598	msgBot
2918	518	911	Cloud
1610	828	111	Gaming
986	533	18	Cloud
1186	897	59	Botnet
1812	396	620	Gaming
5	433	279	Mining
928	470	158	Mining
964	192	382	Mining
908	932	584	Gaming
206	242	420	Botnet
1937	137	975	Gaming
2595	872	572	Mining
2941	197	877	Botnet
907	910	86	Botnet
1776	922	81	Cloud
2051	80	183	Mining
2715	785	107	Gaming
144	261	924	Gaming
1590	631	50	msgBot
535	950	570	Gaming
2549	724	527	Commercial
2711	811	282	msgBot
1795	780	962	Cloud
205	95	401	Gaming
1838	778	96	Mining
2140	282	448	Gaming
1747	702	357	Gaming
653	895	141	Botnet
2132	11	411	Commercial
1744	469	778	Cloud
153	453	504	Botnet
2129	812	891	Gaming
2088	854	900	msgBot
2122	176	204	Gaming
445	409	903	Cloud
2044	857	985	Mining
463	627	521	msgBot
249	773	678	Botnet
1537	753	980	Cloud
2625	529	808	Botnet
1173	26	636	Mining
2011	306	249	Commercial
78	774	366	Commercial
991	856	85	Commercial
403	217	608	Commercial
1593	612	18	Cloud
1999	459	438	Gaming
2493	109	180	Commercial
1452	863	113	Mining
876	625	208	Commercial
19	20	759	Botnet
2857	224	941	msgBot
371	181	872	Cloud
788	509	673	Gaming
1129	352	659	Mining
2104	571	129	Cloud
1065	866	570	Cloud
2623	831	299	Mining
795	572	755	msgBot
1335	946	654	Commercial
1539	26	864	Botnet
1362	550	824	Mining
341	419	745	Botnet
1443	484	200	msgBot
2337	45	231	Botnet
2274	407	444	Cloud
2925	33	20	Cloud
1131	397	267	Commercial
1472	622	84	msgBot
1567	824	997	Botnet
2569	772	542	Botnet
2858	489	286	Commercial
1958	428	312	msgBot
1170	984	58	Cloud
865	959	392	Commercial
2917	731	422	Botnet
1009	822	941	Mining
58	494	961	Cloud
483	943	402	Mining
2083	182	286	msgBot
1724	866	500	Commercial
2277	65	305	Botnet
830	730	481	Gaming
1303	219	494	Botnet
2790	474	226	Gaming
96	954	758	Commercial
661	274	246	Mining
1944	234	942	Gaming
224	524	270	msgBot
140	71	399	Botnet
2903	748	513	Cloud
2133	282	960	Gaming
1491	208	901	Botnet
845	19	685	Botnet
239	261	832	Mining
2033	36	132	Cloud
1871	855	233	Cloud
722	994	400	Commercial
1289	208	565	Botnet
368	119	544	Gaming
2469	758	221	Gaming
86	53	966	Gaming
1714	824	437	Commercial
362	686	120	Gaming
1219	150	972	Cloud
586	337	532	Mining
2871	593	32	Commercial
2769	780	227	Cloud
2125	929	806	Gaming
2678	666	943	Cloud
1823	558	767	msgBot
1719	625	21	Mining
2004	577	283	Gaming
2527	899	585	Botnet
2391	618	374	Commercial
60	813	386	Gaming
882	24	708	Commercial
1460	378	54	msgBot
793	425	897	Botnet
407	444	496	Botnet
227	53	604	Mining
1238	589	610	Commercial
115	244	96	Gaming
2517	952	861	Gaming
1711	66	615	Commercial
417	681	732	Gaming
218	544	541	msgBot
1912	89	996	Cloud
914	382	476	Mining
2958	641	877	Commercial
2131	524	630	msgBot
2113	434	119	Cloud
2546	360	590	Cloud
2330	428	685	Gaming
1716	855	14	Botnet
1216	607	395	Botnet
2777	466	960	Commercial
2936	344	996	Commercial
1383	524	616	Cloud
719	220	750	Gaming
2144	610	630	Cloud
1809	312	727	Gaming
1788	216	557	Mining
1276	320	233	Botnet
2048	775	510	Gaming
2114	679	101	Botnet
799	19	867	msgBot
2743	324	158	Gaming
1608	366	174	Cloud
2855	934	991	Cloud
2998	916	661	Cloud
376	604	153	msgBot
2899	640	117	Commercial
1057	33	839	Gaming
2264	754	156	msgBot
1825	445	558	Botnet
157	276	28	Mining
2050	896	369	Cloud
9	282	992	Commercial
2970	455	250	Botnet
314	256	572	Cloud
2796	909	31	Mining
884	361	563	Cloud
2284	718	520	Mining
213	768	166	Mining
2393	672	578	Commercial
174	277	244	Cloud
2261	418	940	msgBot
327	30	302	Mining
1492	779	708	Commercial
325	653	561	msgBot
2515	298	496	msgBot
1857	869	323	Commercial
756	784	670	Mining
1149	836	271	msgBot
40	352	49	Cloud
8	577	804	Gaming
1213	69	150	Mining
1696	366	844	Commercial
1025	102	232	msgBot
739	204	184	Gaming
400	665	73	Gaming
151	649	655	Botnet
1990	586	196	Botnet
2994	493	722	Mining
2246	24	305	Gaming
1741	973	817	Gaming
829	456	56	Gaming
674	73	980	Cloud
804	377	482	Commercial
1018	590	379	msgBot
2226	877	304	Mining
2030	962	23	Cloud
1309	363	38	Commercial
2835	892	196	Commercial
1571	885	758	Gaming
219	481	393	msgBot
1301	516	900	Botnet
308	7	233	Gaming
2844	183	781	msgBot
979	13	730	msgBot
1699	621	631	Botnet
2474	384	431	msgBot
1478	314	438	Gaming
283	305	36	Mining
2619	44	735	Gaming
361	984	239	Commercial
1939	573	415	Commercial
1089	156	78	Commercial
396	973	819	Cloud
1449	704	164	Gaming
1622	354	328	Gaming
1676	918	257	Cloud
716	763	409	msgBot
1359	878	986	Gaming
298	994	947	Cloud
1167	367	612	Gaming
412	422	945	Commercial
1375	269	904	Botnet
1278	321	715	Gaming
2283	639	972	Mining
2463	806	528	Mining
2660	529	412	Commercial
1811	33	23	Gaming
1462	247	358	Botnet
2183	724	527	Mining
1442	158	63	msgBot
2675	859	215	msgBot
2780	358	57	msgBot
562	35	157	Mining
1821	453	884	Mining
945	159	842	Mining
614	582	728	msgBot
453	927	732	Gaming
2407	992	619	Commercial
2783	506	40	Gaming
517	814	846	Commercial
1557	522	822	msgBot
2417	890	366	Mining
1796	877	316	Cloud
1706	880	726	Botnet
2461	186	204	Gaming
1209	580	732	msgBot
2062	281	713	Botnet
537	191	989	Cloud
605	83	561	Mining
992	816	274	msgBot
123	564	18	Gaming
475	279	139	Cloud
1155	109	669	Commercial
2225	258	677	Botnet
271	238	114	Cloud
2165	434	865	Cloud
862	22	992	Commercial
2502	190	228	Botnet
2320	524	496	Gaming
2221	807	646	Mining
2912	533	349	Commercial
1787	716	454	Mining
720	547	520	Botnet
1179	626	113	Commercial
2471	66	93	Commercial
2737	232	95	Cloud
881	118	335	Botnet
436	603	760	Cloud
1187	338	720	Cloud
73	717	821	Mining
2602	931	546	Gaming
470	365	973	Commercial
1981	64	231	Mining
1765	819	902	Gaming
18	23	887	Commercial
638	577	417	Cloud
203	952	726	Cloud
246	482	502	Commercial
2296	820	921	msgBot
1145	38	240	Botnet
2478	368	808	Commercial
704	328	575	Mining
1095	193	922	msgBot
1284	670	887	Commercial
2521	721	859	Cloud
1391	369	719	Gaming
2794	439	399	Botnet
2494	801	639	Botnet
364	863	326	Botnet
886	665	681	Mining
552	455	417	msgBot
113	906	433	Commercial
551	602	692	msgBot
801	479	642	Mining
1984	447	74	Botnet
231	881	401	Mining
167	590	278	Mining
1192	5	595	Gaming
2542	758	28	msgBot
1952	755	36	Gaming
2739	589	227	Mining
534	841	229	Commercial
270	697	556	Botnet
1633	775	824	Botnet
1725	722	163	Gaming
1429	516	363	Mining
323	234	124	msgBot
2276	954	992	Cloud
2952	956	839	Gaming
2612	590	408	msgBot
1320	520	940	msgBot
495	93	804	msgBot
2555	463	583	Gaming
438	913	98	Botnet
2212	794	307	msgBot
987	311	601	Commercial
1718	819	65	Commercial
358	10	680	Commercial
2000	639	972	Mining
1288	138	348	Botnet
1930	143	561	Cloud
61	931	118	Commercial
2610	335	788	Botnet
1249	183	495	Gaming
821	45	756	msgBot
1535	977	932	msgBot
1102	223	218	msgBot
2902	940	430	Gaming
508	750	899	Mining
1628	590	227	Gaming
1107	845	822	Botnet
1379	881	934	msgBot
2589	401	819	Mining
2948	505	782	Mining
192	911	237	Botnet
2249	273	697	Botnet
920	371	669	Cloud
1066	226	787	msgBot
373	607	945	Cloud
2633	257	23	Botnet
1604	693	235	Gaming
2867	429	323	Commercial
2544	11	218	Mining
2010	547	645	Mining
1836	747	668	Mining
2272	24	546	msgBot
385	415	288	Gaming
1758	906	332	Commercial
2109	317	217	Mining
683	281	979	Gaming
507	386	209	Cloud
1482	258	117	Cloud
733	835	430	msgBot
2292	390	16	msgBot
2582	907	837	Mining
652	981	861	Cloud
1045	173	50	Gaming
2136	880	792	Gaming
626	710	238	Commercial
1169	945	258	msgBot
1256	476	509	Mining
2271	294	896	msgBot
2304	546	61	Cloud
2319	18	324	Cloud
2254	842	131	msgBot
2396	73	988	Commercial
84	367	186	Commercial
2257	324	215	msgBot
596	741	284	msgBot
835	660	867	msgBot
1698	943	923	Commercial
655	724	208	msgBot
721	427	446	Botnet
2870	962	335	Botnet
1739	607	631	Mining
2116	28	281	Cloud
1424	865	875	msgBot
970	50	793	Gaming
320	742	496	Commercial
1767	312	342	Gaming
2360	567	755	msgBot
951	507	600	Mining
1755	173	669	Mining
1735	431	518	Botnet
2821	400	766	Botnet
499	537	977	Mining
723	727	143	Cloud
927	629	912	Mining
731	815	499	Mining
1612	315	326	Commercial
245	832	678	Botnet
176	425	431	Gaming
1636	58	166	Gaming
286	633	18	Commercial
11	563	804	Cloud
2458	905	904	Cloud
1279	267	826	Mining
81	436	90	Cloud
2754	513	416	Cloud
814	602	815	Botnet
2772	823	946	msgBot
1793	789	357	Gaming
428	185	333	Botnet
2202	892	237	Mining
372	451	94	Gaming
746	300	927	Botnet
2180	480	400	Mining
662	833	777	Mining
462	767	462	Botnet
924	223	648	msgBot
1469	107	942	Commercial
2036	783	328	Mining
1851	584	475	Cloud
1905	385	440	Botnet
2878	297	307	msgBot
279	873	842	Cloud
519	593	535	Cloud
1336	602	634	Mining
1070	596	746	Gaming
943	413	470	Commercial
654	465	182	msgBot
1875	590	277	Botnet
1951	955	27	Botnet
2548	629	466	msgBot
1426	933	99	msgBot
2501	469	682	Mining
1361	475	269	Mining
2344	240	28	Cloud
1987	561	116	Mining
2934	342	548	Commercial
1609	604	392	Botnet
749	175	965	Mining
995	975	997	Mining
1254	610	622	msgBot
1854	107	86	Mining
2884	191	174	msgBot
2166	104	685	msgBot
2800	447	298	Commercial
1768	583	314	Mining
2338	611	392	Gaming
473	867	294	Gaming
1351	626	567	msgBot
1511	62	929	msgBot
1225	950	655	Cloud
1515	18	764	Cloud
1544	737	995	msgBot
568	806	297	Cloud
482	270	970	Cloud
122	520	733	msgBot
2788	109	848	Cloud
1208	151	644	Botnet
1865	863	331	Mining
442	404	48	Mining
444	604	31	Botnet
1827	741	919	Commercial
1372	618	660	Gaming
29	857	348	Botnet
2253	594	25	Commercial
336	628	264	msgBot
344	296	542	Cloud
1252	827	332	Cloud
1033	492	210	Botnet
2851	786	578	Cloud
1134	510	285	Cloud
2038	194	442	Cloud
2793	691	48	Botnet
171	69	248	Gaming
565	285	71	Commercial
2066	99	961	Cloud
2959	672	681	Mining
1595	895	683	Mining
578	876	533	Gaming
240	339	365	Cloud
23	258	912	Botnet
1646	953	509	Cloud
981	583	189	Commercial
2692	938	657	msgBot
612	22	498	Gaming
1591	93	260	Botnet
2107	923	83	Commercial
1115	261	427	msgBot
287	490	122	Cloud
477	992	942	Mining
738	767	696	Mining
1681	10	199	Botnet
398	85	389	Gaming
540	928	796	Mining
1331	883	541	Cloud
136	478	119	msgBot
2112	566	284	msgBot
1780	372	84	Gaming
419	873	367	Gaming
1516	669	244	Gaming
1410	356	273	Mining
1081	88	773	Botnet
2869	422	907	Botnet
474	950	761	Gaming
1582	784	851	Gaming
2001	862	533	Cloud
2766	402	253	Commercial
2275	141	479	Gaming
1493	576	535	Botnet
72	444	560	Mining
573	769	455	Cloud
1529	527	514	Gaming
1903	941	525	msgBot
1087	448	435	Botnet
1409	449	116	Cloud
487	262	22	Botnet
1333	6	929	Mining
1644	942	826	Cloud
1	874	328	Commercial
1837	210	226	Cloud
543	223	174	Mining
455	811	128	Commercial
1422	965	2	Mining
1682	161	682	msgBot
57	341	590	Gaming
2636	945	495	Mining
989	148	339	Botnet
1232	277	646	Cloud
2334	481	91	Mining
2874	283	141	Mining
1054	489	70	Mining
2077	669	547	msgBot
1525	605	530	Commercial
67	76	970	msgBot
2251	285	385	Gaming
957	363	431	Gaming
2508	754	108	msgBot
1396	739	96	Botnet
831	733	388	Gaming
1312	9	885	Botnet
827	793	886	Gaming
1390	732	75	Cloud
1438	349	704	Gaming
1242	338	164	Gaming
1121	681	602	msgBot
182	437	552	msgBot
449	662	985	Cloud
686	62	877	Cloud
2597	93	373	Botnet
2976	481	70	Commercial
312	835	428	Botnet
124	382	451	Mining
1197	242	120	Commercial
1056	941	282	Mining
2371	192	818	msgBot
489	20	798	Cloud
1775	190	614	Mining
1425	947	488	Botnet
2285	945	90	Gaming
2169	957	629	Cloud
2817	329	951	Cloud
628	946	650	msgBot
6	78	312	Commercial
1275	489	577	Mining
1068	840	988	Mining
2020	97	387	Mining
735	955	734	Commercial
88	467	968	Mining
2084	821	638	Commercial
1199	665	235	Gaming
2694	678	63	Gaming
1008	180	740	Botnet
2627	695	242	Botnet
1826	992	887	msgBot
641	228	355	msgBot
1316	150	637	Botnet
2567	817	9	Mining
2425	498	564	Mining
2947	248	605	Commercial
1573	522	981	Gaming
2153	232	292	Gaming
1849	800	817	msgBot
2150	704	893	Mining
2003	588	136	Commercial
509	520	837	Gaming
650	68	432	Commercial
726	914	497	msgBot
2974	171	300	Cloud
1532	871	57	Mining
2914	442	992	Mining
2818	492	144	Botnet
1490	316	431	Cloud
2887	915	981	Mining
1635	502	526	Botnet
2901	33	387	Gaming
2592	235	304	Cloud
1548	562	81	Botnet
2503	96	905	msgBot
685	584	177	Cloud
2640	413	890	Commercial
2987	630	244	Gaming
2259	205	523	Botnet
2280	759	833	Commercial
1669	392	916	Botnet
2223	573	241	Gaming
1704	689	780	Botnet
1664	751	844	Gaming
1918	355	440	Mining
1267	164	752	Gaming
1011	917	419	Botnet
923	785	351	Cloud
1014	14	772	Commercial
316	515	659	Mining
1971	101	414	Commercial
2009	374	355	msgBot
2103	311	546	Gaming
441	601	11	Commercial
1498	970	610	Botnet
2348	477	235	Gaming
2233	32	814	msgBot
900	321	13	Cloud
2630	943	697	Botnet
767	451	592	msgBot
1061	426	764	msgBot
2588	555	302	Commercial
1327	261	11	Mining
44	871	270	Cloud
2910	324	166	msgBot
2365	94	125	Commercial
2037	937	321	Commercial
405	639	916	Commercial
2299	322	412	Mining
993	704	564	Mining
2460	331	253	Gaming
2842	777	757	Mining
472	822	759	Cloud
693	362	737	Mining
1098	349	816	Botnet
580	449	843	Mining
2058	643	341	Gaming
1774	81	193	Commercial
2201	673	575	Cloud
1413	765	200	Cloud
2002	449	500	Cloud
1080	202	482	msgBot
1245	799	658	Mining
2387	582	271	msgBot
640	505	185	Commercial
600	669	34	Cloud
1306	632	215	Mining
2176	852	245	Botnet
554	753	767	Commercial
321	199	290	Gaming
541	209	930	Commercial
1606	268	229	Botnet
2216	733	885	Mining
2384	807	380	Botnet
1526	349	701	Mining
671	283	944	Cloud
2803	448	490	Gaming
2422	723	691	msgBot
2483	917	487	msgBot
2012	538	724	Botnet
289	905	178	Cloud
2268	131	967	msgBot
1339	536	412	Commercial
273	15	358	Botnet
922	836	479	Botnet
42	326	743	Commercial
1437	669	140	Commercial
1430	643	627	Commercial
1859	293	581	Botnet
695	594	58	Cloud
2695	186	861	Botnet
2248	30	841	Gaming
111	682	259	msgBot
1683	865	406	msgBot
1751	152	168	msgBot
1035	600	551	Botnet
479	47	801	Commercial
381	546	200	Cloud
1885	285	753	Gaming
1471	383	590	msgBot
1707	712	563	Cloud
1153	960	164	Botnet
1619	406	199	Gaming
2442	801	32	Gaming
632	216	725	Cloud
110	472	391	Mining
879	821	111	Commercial
155	207	502	Mining
1924	546	128	Mining
2293	781	918	Botnet
259	90	864	Commercial
1246	1000	288	Cloud
2703	546	452	Cloud
502	698	842	Mining
682	205	967	Gaming
1263	306	639	Commercial
335	927	219	Botnet
2868	220	998	Commercial
1110	290	432	Commercial
1552	291	694	Cloud
1048	90	696	Cloud
1605	785	192	Mining
2434	573	24	Gaming
480	295	839	msgBot
2839	120	157	Commercial
1434	586	205	msgBot
2446	328	4	Commercial
101	142	453	Gaming
2181	760	195	msgBot
1300	88	606	Mining
1433	941	739	Gaming
1416	950	653	Mining
998	924	650	Gaming
1274	874	868	msgBot
2433	496	314	Commercial
1862	103	137	Botnet
734	87	377	Mining
1340	716	980	Gaming
764	731	948	Botnet
1100	271	482	msgBot
2886	13	51	Cloud
1620	648	986	Mining
471	424	186	msgBot
2993	105	812	msgBot
972	313	270	Mining
2295	720	245	Commercial
1251	478	307	Cloud
161	430	382	msgBot
585	230	38	Gaming
2819	770	863	msgBot
1165	694	878	Cloud
2230	908	47	msgBot
1632	28	440	Mining
431	545	401	Mining
2989	875	645	Commercial
1444	320	584	msgBot
806	800	206	Commercial
95	934	905	msgBot
1237	386	694	Commercial
1996	586	858	Mining
172	727	170	Gaming
217	686	430	Mining
2151	968	845	Botnet
2687	983	659	Botnet
1643	261	760	Mining
1615	519	185	Gaming
2392	322	76	Commercial
1732	430	282	Commercial
1933	401	670	Commercial
1822	238	624	msgBot
587	160	781	msgBot
2229	530	734	Mining
156	921	887	Botnet
1831	359	501	Botnet
1674	832	344	msgBot
1923	516	108	msgBot
742	657	311	Commercial
522	1000	209	Mining
1945	569	620	msgBot
64	148	407	msgBot
1418	764	874	Gaming
230	978	234	Botnet
2179	96	126	Mining
1979	781	636	Commercial
2397	598	915	Commercial
454	956	287	Botnet
1955	987	230	Gaming
2838	67	205	msgBot
1541	440	279	msgBot
1086	680	150	Gaming
1785	709	816	Gaming
2385	435	671	Gaming
493	344	42	Commercial
307	309	171	Gaming
2853	192	797	Mining
2182	169	512	Cloud
847	578	842	Cloud
2025	960	921	Commercial
1334	757	375	Commercial
816	298	749	Mining
2080	908	237	Commercial
1319	147	559	Commercial
2094	937	437	Mining
2563	196	476	Botnet
997	443	99	Gaming
2186	117	108	Cloud
415	46	406	Mining
2219	997	66	Commercial
1876	373	507	Commercial
1378	126	317	Commercial
1579	615	740	msgBot
2420	124	12	Mining
1545	151	683	Gaming
1781	113	10	Commercial
2173	763	769	Gaming
1925	150	128	Mining
1763	928	543	msgBot
2880	485	669	Botnet
2972	532	715	Cloud
2378	940	826	Botnet
2178	921	28	msgBot
1130	902	964	Mining
1913	312	809	msgBot
2674	619	117	Commercial
569	6	15	Botnet
1733	930	526	msgBot
1120	80	622	Commercial
2664	50	891	Commercial
467	265	135	Cloud
2717	216	393	Gaming
1883	712	526	msgBot
803	101	528	Commercial
2341	636	776	Mining
169	739	500	Cloud
1553	747	164	Gaming
2222	145	944	Mining
1307	473	233	Gaming
2719	877	194	msgBot
2900	302	13	Cloud
1196	267	36	Cloud
702	411	269	Gaming
2462	424	977	Cloud
2007	443	785	Gaming
2539	370	493	Botnet
1502	410	551	Commercial
620	236	165	Commercial
331	912	8	Gaming
2762	596	276	Botnet
1963	388	635	Mining
1792	420	176	Botnet
2808	13	62	Mining
2189	140	671	Commercial
2235	108	441	Commercial
2453	545	657	Gaming
926	207	356	Cloud
313	985	688	Botnet
2781	447	632	msgBot
158	556	391	Cloud
2990	862	233	msgBot
1766	249	778	Commercial
615	38	76	msgBot
2973	731	52	Mining
2942	551	877	Cloud
524	33	77	Cloud
2724	486	642	Gaming
2939	419	49	Commercial
1195	870	516	Botnet
2196	883	178	Cloud
844	183	52	Commercial
794	354	86	msgBot
1946	625	605	Mining
458	760	679	Cloud
2648	261	592	msgBot
2156	433	822	Mining
564	585	868	Mining
2968	767	741	Mining
1212	86	931	Commercial
150	393	704	Commercial
2949	827	85	Commercial
2234	513	835	Commercial
919	570	624	Gaming
2239	660	610	Botnet
2896	154	39	Botnet
253	1	504	msgBot
355	692	949	Commercial
840	581	90	msgBot
2975	497	32	Commercial
2323	966	797	msgBot
856	477	924	Gaming
28	23	42	Commercial
656	629	713	Botnet
2854	342	476	Cloud
1194	882	864	Commercial
1863	610	682	Mining
2924	690	533	msgBot
1538	888	885	Mining
2708	888	516	Botnet
854	910	370	Botnet
1666	808	175	msgBot
1392	96	491	Gaming
1731	981	790	Commercial
1163	792	407	Mining
2631	773	484	Mining
863	464	295	msgBot
968	696	656	Commercial
1847	756	344	Gaming
1880	486	43	Commercial
2669	168	2	msgBot
2629	81	295	Commercial
2518	537	50	Commercial
2806	987	742	Botnet
388	463	354	Mining
857	272	216	Commercial
137	4	767	Mining
2579	440	105	Gaming
2682	578	460	Commercial
2951	23	261	Gaming
1055	541	664	msgBot
761	517	154	msgBot
1296	515	604	Gaming
930	807	981	Cloud
2601	649	1	Cloud
1874	460	311	Cloud
1634	496	227	Gaming
815	952	736	Cloud
294	392	486	Botnet
1221	823	187	Cloud
2368	98	241	Botnet
1954	719	472	Gaming
1722	489	859	msgBot
2635	902	648	Gaming
1950	540	591	Commercial
2758	774	425	Gaming
603	12	174	Cloud
1085	275	402	Mining
1705	887	353	Cloud
168	908	904	Gaming
1997	143	195	msgBot
1004	139	671	Gaming
2965	162	691	Commercial
2872	277	715	Gaming
2203	879	124	msgBot
1584	801	981	Mining
2576	162	180	Gaming
1486	327	655	Cloud
2606	668	893	Commercial
1143	217	257	Cloud
2260	498	602	Botnet
1824	951	183	Cloud
2149	326	882	Botnet
1162	589	456	Mining
404	488	543	msgBot
2374	493	293	Botnet
941	206	215	Gaming
74	199	419	Commercial
2834	800	173	Botnet
2591	961	509	Botnet
1193	210	188	Gaming
2864	141	912	msgBot
2064	771	325	Botnet
2302	650	102	msgBot
1421	842	48	Mining
2646	526	689	Cloud
2752	183	872	Gaming
2291	84	269	Botnet
1953	530	359	msgBot
1435	831	491	Botnet
1965	80	109	Commercial
576	224	115	Commercial
2386	725	929	Botnet
139	856	66	Gaming
2645	759	389	Cloud
2649	794	42	msgBot
2195	737	586	Mining
2552	29	308	Gaming
2067	254	972	Cloud
894	439	570	Mining
824	182	643	Gaming
1501	600	59	Cloud
85	288	535	Gaming
747	875	223	Gaming
345	853	883	Commercial
186	658	162	Mining
1986	550	590	Mining
2642	590	971	Botnet
810	717	334	Botnet
349	382	36	Cloud
1542	905	225	Commercial
1189	366	533	Gaming
1403	258	634	Botnet
262	7	441	Mining
2491	955	225	Cloud
2258	738	865	Gaming
2562	259	752	msgBot
1114	130	323	Gaming
1337	522	576	Botnet
2146	815	519	msgBot
1530	981	63	Cloud
2883	981	652	Cloud
505	164	937	Cloud
877	585	648	Commercial
1547	217	503	Mining
2561	952	690	Commercial
109	482	87	Cloud
1844	570	933	Mining
851	759	461	Commercial
946	672	802	Cloud
1947	112	589	msgBot
2342	694	755	Gaming
1508	995	471	Mining
173	421	101	Mining
1069	710	917	Botnet
1481	222	993	Gaming
2693	524	114	Botnet
269	101	842	Commercial
457	326	989	msgBot
983	368	386	Commercial
263	208	838	Cloud
595	749	743	Gaming
1071	581	319	Mining
673	24	407	Mining
2609	589	488	Commercial
2928	442	136	Cloud
1113	693	33	Commercial
429	795	218	Cloud
1734	939	650	Gaming
776	454	796	Cloud
2605	747	514	Gaming
1382	817	631	Cloud
235	984	936	Commercial
2718	717	679	Gaming
461	998	201	Mining
1405	53	583	Mining
2139	682	507	msgBot
1344	480	925	Commercial
588	373	696	Mining
1798	204	799	msgBot
2657	987	598	Botnet
2158	489	787	Gaming
2267	596	283	Botnet
1046	411	677	Mining
1188	999	512	msgBot
275	629	84	Mining
2119	820	501	Commercial
1518	948	556	Gaming
556	282	338	Botnet
338	576	125	msgBot
2488	462	492	Cloud
709	163	753	Commercial
1067	115	106	msgBot
796	582	776	Mining
1611	693	263	Commercial
2778	877	101	Cloud
2666	58	500	Commercial
613	547	932	Commercial
1807	827	652	Gaming
2314	876	968	Cloud
2523	799	247	Gaming
1002	700	263	Mining
282	512	657	Commercial
34	32	586	Gaming
318	722	717	Cloud
691	539	888	Mining
1404	668	325	Mining
1789	826	570	Commercial
2311	168	397	Gaming
1967	518	71	msgBot
181	581	76	Commercial
1380	432	35	Commercial
2746	846	425	Mining
711	990	420	Mining
976	953	522	Cloud
2763	903	472	Botnet
2908	178	902	msgBot
1257	415	920	Mining
1884	618	379	msgBot
264	638	653	Cloud
1315	203	126	Mining
2745	825	388	msgBot
1892	511	628	msgBot
2300	212	955	Mining
547	813	922	msgBot
54	973	189	Mining
1311	36	909	Cloud
2698	563	446	Botnet
2531	727	421	Gaming
582	213	840	Gaming
1989	4	583	Commercial
2162	785	930	Botnet
2665	111	96	msgBot
1748	413	463	Commercial
880	891	672	Botnet
1686	427	532	Cloud
2451	344	623	Botnet
2807	569	113	Mining
2111	722	375	Mining
1105	907	693	Gaming
1689	107	379	Cloud
2438	416	530	Cloud
1152	467	844	Commercial
185	956	493	Gaming
1077	268	884	msgBot
2069	570	48	Mining
627	116	31	Cloud
2889	422	683	Mining
1079	893	898	Cloud
80	262	10	Cloud
2882	880	619	Cloud
1522	76	304	Gaming
2072	307	42	Botnet
1514	436	883	Commercial
1536	793	721	Gaming
2340	158	716	Cloud
1911	530	698	Cloud
607	871	656	Botnet
