2496	157	241	Gaming
786	747	250	Gaming
2981	771	120	Mining
2682	951	857	Commercial
461	958	483	Cloud
882	507	125	msgBot
2868	627	774	Botnet
2116	649	164	msgBot
1378	884	663	Botnet
1640	969	830	Mining
526	303	642	Commercial
2535	682	156	msgBot
1945	68	964	Gaming
1884	842	837	Botnet
41	694	903	Botnet
1677	986	666	Mining
706	819	470	msgBot
1603	805	959	Mining
645	803	418	Cloud
1297	941	294	Gaming
2260	30	803	Botnet
1519	920	621	Mining
2583	255	251	msgBot
271	836	883	Commercial
1530	976	461	msgBot
1682	856	34	Botnet
1315	528	490	Mining
1814	683	10	Mining
174	82	897	msgBot
1008	192	368	Mining
282	685	291	msgBot
179	552	961	Gaming
741	443	591	Botnet
1553	412	120	Commercial
2532	839	444	Botnet
1117	6	529	Cloud
1363	420	569	Cloud
811	330	859	Cloud
139	625	677	Mining
562	396	180	Botnet
373	756	584	msgBot
1453	97	360	msgBot
2226	27	786	Mining
2096	414	724	msgBot
356	88	803	Mining
382	312	218	Mining
1557	376	80	Cloud
737	269	437	Cloud
798	959	222	Mining
305	717	154	Botnet
1948	223	697	Commercial
610	151	735	msgBot
668	299	95	msgBot
220	471	695	Commercial
546	939	246	Mining
1507	818	198	msgBot
993	903	744	Commercial
484	289	558	Commercial
2131	980	678	Cloud
2951	696	952	Botnet
1104	485	562	Cloud
670	264	648	Commercial
1331	131	149	Gaming
2932	771	337	Mining
1943	751	391	Gaming
1861	913	774	Gaming
2836	780	609	Mining
1832	903	330	Cloud
332	59	561	Botnet
1421	22	225	Mining
149	708	33	Commercial
2263	442	298	Commercial
2079	441	291	Gaming
2303	366	791	Cloud
925	392	833	Botnet
2908	128	218	Botnet
1794	761	769	Botnet
1696	375	437	Cloud
2276	739	736	msgBot
2510	108	149	msgBot
1980	817	312	Gaming
281	102	871	msgBot
1220	99	257	Mining
1644	8	667	msgBot
2582	563	709	Botnet
2806	207	717	msgBot
1741	778	59	Mining
751	86	592	Cloud
2529	551	209	Botnet
1197	265	560	msgBot
1382	735	449	Cloud
2968	322	115	Mining
350	704	772	Commercial
1456	88	216	Commercial
1272	866	909	Botnet
942	785	298	Commercial
2111	899	928	Gaming
1361	938	872	Gaming
2559	170	702	Gaming
2729	959	424	Botnet
1176	566	99	msgBot
1662	134	212	Botnet
337	988	661	Botnet
1871	326	864	Cloud
2841	911	783	Commercial
269	28	740	Gaming
878	103	498	Commercial
1384	666	148	Gaming
2046	604	383	Botnet
2216	307	360	Commercial
255	738	765	Cloud
607	476	618	Cloud
2897	248	707	Mining
1573	828	8	Commercial
173	232	44	Gaming
1380	158	705	msgBot
1580	329	715	Cloud
2143	753	25	Commercial
1483	551	373	Cloud
1642	941	891	Mining
1375	613	428	Botnet
2455	810	98	Commercial
1373	412	241	Cloud
2357	33	459	Gaming
2575	509	902	msgBot
1695	739	192	msgBot
1321	660	715	Gaming
266	749	811	Mining
2212	120	267	msgBot
1410	242	125	Cloud
1015	170	823	msgBot
2149	604	697	Mining
1658	253	326	msgBot
1782	677	103	Cloud
861	76	396	Mining
1031	305	724	Gaming
674	820	528	Botnet
1341	226	836	Mining
1131	972	842	Commercial
2661	891	246	Botnet
1214	739	448	Botnet
74	640	560	Gaming
2728	816	113	Commercial
338	234	735	Gaming
2262	947	126	Mining
1546	605	742	Mining
1366	751	226	Cloud
470	920	491	msgBot
2576	844	420	msgBot
1243	621	950	Cloud
1041	161	693	Mining
1354	664	835	Gaming
1709	945	194	Botnet
523	581	799	Mining
1070	555	705	Mining
30	170	224	Commercial
612	940	138	Gaming
1824	965	253	Cloud
1900	632	826	Cloud
673	726	166	Gaming
1840	843	951	Cloud
2638	955	101	msgBot
2231	752	81	Cloud
598	58	104	Mining
2910	865	689	msgBot
922	922	31	msgBot
2654	532	525	Botnet
1062	974	633	msgBot
2558	736	273	Cloud
749	968	674	msgBot
1001	636	268	Cloud
1191	753	244	Cloud
1982	226	235	Mining
2069	738	316	Mining
769	579	43	Gaming
1555	123	798	Cloud
533	770	362	Cloud
13	100	525	Commercial
2450	263	422	Mining
1280	296	358	Botnet
1637	642	541	Botnet
1711	546	552	Cloud
2472	497	350	Commercial
272	623	903	Cloud
995	939	923	Gaming
2434	622	175	Botnet
2526	911	289	Gaming
1887	52	148	Mining
261	484	620	Botnet
2477	714	362	msgBot
2982	934	249	Gaming
86	118	181	Cloud
2192	600	457	Botnet
542	999	941	Gaming
38	531	465	Commercial
193	101	348	Commercial
1621	830	2	Cloud
2773	563	263	Botnet
1403	398	578	Gaming
1968	463	953	msgBot
631	439	371	msgBot
2504	790	309	Commercial
1305	632	624	msgBot
2076	764	55	Gaming
2623	328	440	Commercial
969	87	841	Botnet
1908	320	173	Gaming
2823	76	516	Gaming
708	606	755	Commercial
515	213	590	msgBot
1751	596	954	Mining
2979	659	104	Commercial
1506	398	226	Commercial
1064	76	793	Botnet
1352	897	927	Commercial
2120	577	561	Commercial
1127	776	211	Commercial
63	263	941	Botnet
1712	228	777	Botnet
2599	291	337	Commercial
5	799	686	Gaming
1576	875	542	Botnet
1387	330	698	Cloud
1286	256	472	Botnet
1114	709	646	Mining
2906	681	596	Mining
2966	533	681	Cloud
1894	60	689	Cloud
246	261	617	Botnet
2970	654	837	Mining
2601	972	912	Gaming
2486	427	670	Gaming
2002	792	78	Botnet
1416	532	438	Mining
962	534	752	Mining
2318	847	951	Mining
1993	969	512	Cloud
638	45	309	Cloud
2449	214	152	msgBot
2106	661	19	Commercial
1952	769	47	Mining
386	276	258	msgBot
1962	192	313	Mining
2775	3	926	Mining
516	565	12	Commercial
188	337	57	Commercial
2461	976	207	msgBot
944	121	544	msgBot
418	307	337	msgBot
53	639	751	Commercial
2679	379	135	Gaming
1472	449	735	Gaming
2536	710	658	Commercial
924	275	946	Cloud
2252	692	277	Commercial
2347	155	812	Cloud
2931	604	277	Cloud
1547	267	871	msgBot
1415	895	280	Cloud
2169	13	221	Commercial
162	733	743	Commercial
219	539	668	msgBot
202	721	746	Cloud
572	850	588	Botnet
394	376	345	msgBot
2978	682	23	msgBot
1215	942	566	Botnet
2975	229	268	Gaming
189	13	819	Cloud
934	623	531	Cloud
1098	623	66	Mining
2109	101	662	Commercial
2045	567	465	Gaming
1394	1	672	msgBot
975	150	123	Commercial
1936	336	808	msgBot
1823	892	710	Commercial
1433	691	384	Cloud
2239	3	717	Mining
2137	89	118	Gaming
78	349	930	Cloud
2228	577	465	Gaming
2896	363	474	Botnet
591	189	264	Commercial
2424	392	13	Botnet
1487	561	850	Mining
406	448	410	Gaming
1703	760	141	Mining
875	944	852	Commercial
1481	476	510	Commercial
890	252	785	Commercial
2290	195	464	msgBot
1084	632	721	Mining
56	520	912	Cloud
383	744	238	Commercial
1160	360	891	msgBot
1646	273	405	Mining
1347	447	323	Gaming
1306	41	59	Gaming
883	457	351	Commercial
2556	176	829	Mining
460	536	734	Commercial
239	938	619	msgBot
946	251	546	Botnet
2569	692	801	Mining
2021	916	49	Commercial
531	594	634	Mining
2885	516	309	msgBot
2130	105	211	Cloud
1209	812	541	msgBot
52	175	149	Botnet
1103	301	107	Gaming
2765	806	500	Mining
1631	614	712	Botnet
1907	193	586	msgBot
96	317	505	Cloud
2619	631	472	Gaming
2085	751	629	Gaming
2166	210	589	Commercial
1451	798	631	Cloud
1911	804	432	msgBot
1346	207	125	Mining
403	596	234	Cloud
2268	211	38	Gaming
16	351	507	Mining
2541	333	333	Commercial
433	311	132	Gaming
655	211	538	Mining
1056	287	959	Gaming
1385	493	219	Botnet
1248	136	176	msgBot
1230	980	873	Cloud
44	302	683	Commercial
2718	390	184	Botnet
1671	899	36	Gaming
1088	412	83	Commercial
385	125	961	Botnet
2590	498	191	Commercial
565	918	97	Commercial
616	752	630	Mining
1089	337	179	msgBot
1502	279	874	Gaming
984	377	932	Commercial
1340	108	753	Botnet
955	747	690	Mining
2784	382	249	Cloud
2185	904	568	Mining
1389	615	189	Mining
1895	755	238	Mining
2444	887	61	Mining
1933	526	961	Cloud
1845	493	243	Cloud
2487	403	214	Botnet
1187	212	130	Gaming
2593	509	544	Cloud
295	570	207	Mining
2418	971	58	msgBot
301	182	503	Commercial
897	163	46	Mining
2074	56	101	Botnet
1010	171	878	Cloud
2909	501	250	Mining
283	521	910	Botnet
2686	187	924	Gaming
1963	298	582	Commercial
2783	18	367	Commercial
2392	357	542	Cloud
1912	984	895	Commercial
2410	514	878	Botnet
1118	91	841	Gaming
2438	83	543	Mining
2066	416	491	Botnet
2406	743	575	Mining
859	6	618	Gaming
1000	698	336	Gaming
248	227	878	Cloud
2631	357	415	Gaming
2081	406	692	Gaming
977	50	931	Commercial
184	819	861	Mining
496	427	704	Cloud
231	782	311	Gaming
117	451	241	Cloud
505	471	286	Commercial
1938	154	413	Commercial
512	716	802	Commercial
909	850	218	Cloud
1027	846	382	Gaming
1971	983	921	Gaming
1216	362	219	Mining
408	816	97	Gaming
431	179	86	Mining
1379	538	578	Commercial
720	953	303	Gaming
448	965	35	msgBot
1145	158	828	Mining
178	957	486	Cloud
1	540	714	Botnet
513	701	958	Commercial
1087	247	471	Cloud
2719	948	785	msgBot
1835	579	501	Commercial
2321	7	196	Mining
520	127	520	Mining
663	579	388	Commercial
1116	134	742	msgBot
2706	145	240	Cloud
1164	10	662	Mining
807	495	730	Cloud
1345	359	919	Commercial
913	997	671	Mining
215	383	453	msgBot
876	656	653	Mining
331	7	593	msgBot
2187	440	167	Commercial
140	950	371	msgBot
1899	111	878	Mining
297	813	451	Gaming
1810	681	128	Commercial
290	525	196	Cloud
6	589	13	msgBot
1139	90	794	Cloud
1792	513	631	Botnet
2929	431	801	Botnet
1222	675	672	Cloud
1998	346	738	msgBot
1521	229	791	Mining
2916	318	956	Mining
1205	77	915	Gaming
1606	714	772	Gaming
2643	69	380	Gaming
1476	70	271	Mining
1468	381	688	Mining
527	756	698	Botnet
1459	999	891	Mining
2350	840	112	Botnet
2681	781	310	Commercial
564	276	278	Botnet
1800	108	362	Mining
1660	267	740	Cloud
1827	345	218	msgBot
688	865	385	Botnet
2488	309	576	msgBot
766	648	393	Gaming
2516	913	129	Mining
1100	237	190	Botnet
2152	263	497	Mining
18	184	237	msgBot
1683	171	454	Cloud
2663	156	24	msgBot
1477	24	930	msgBot
2213	187	863	Botnet
2038	784	501	Mining
2027	859	417	Gaming
2862	799	753	msgBot
1958	452	945	Botnet
2707	749	237	Mining
2340	428	207	Cloud
932	496	281	msgBot
1699	656	4	Botnet
1099	48	912	Cloud
1632	382	187	Cloud
2339	382	315	Mining
2186	463	470	Mining
1036	613	554	msgBot
2363	403	924	Botnet
2180	737	214	Mining
130	800	845	Mining
787	146	714	Cloud
2467	80	411	Commercial
1723	866	490	Mining
2518	485	448	Botnet
330	943	584	Gaming
540	787	643	Botnet
744	418	909	Botnet
430	991	557	msgBot
2285	452	111	Botnet
1108	390	815	Mining
1246	771	308	Cloud
1551	240	854	Cloud
590	979	70	msgBot
2807	317	120	Botnet
2086	407	182	Botnet
2034	271	112	Gaming
2304	7	915	Commercial
1736	224	238	msgBot
1398	827	774	Cloud
410	601	630	Cloud
2842	846	832	Mining
2990	320	187	Cloud
2859	93	793	Cloud
1357	350	636	Mining
2870	369	63	msgBot
250	766	968	Botnet
1013	96	544	Botnet
2071	146	823	Botnet
2423	138	63	Mining
2962	549	190	Mining
1044	100	795	Cloud
1960	430	552	Botnet
843	483	420	Cloud
1356	732	694	Commercial
2178	301	276	Mining
2877	351	518	Cloud
503	679	455	Cloud
945	95	753	Cloud
1245	280	317	Cloud
278	534	508	Gaming
1767	309	433	Mining
1582	844	371	Mining
1860	104	117	Botnet
1988	743	489	Cloud
2433	960	216	Gaming
1427	451	123	msgBot
1950	211	633	Cloud
1700	462	74	msgBot
2972	826	392	Cloud
2580	666	361	msgBot
1260	427	35	Commercial
852	923	892	Botnet
102	117	766	msgBot
2525	454	541	Botnet
902	627	289	Cloud
782	366	425	Botnet
1115	707	53	msgBot
1362	657	199	Commercial
1120	871	442	Botnet
1039	645	680	Mining
1578	190	487	Commercial
2733	300	760	Botnet
2385	784	20	Mining
552	997	180	Botnet
1393	353	851	msgBot
87	455	943	Mining
2391	989	85	Commercial
2101	309	943	Gaming
1225	313	26	Commercial
641	975	386	msgBot
2194	984	22	Gaming
1597	216	101	Cloud
974	715	522	Botnet
622	839	23	Gaming
1955	628	103	Gaming
1653	428	478	Cloud
1323	580	616	Mining
2690	898	610	Botnet
1203	752	926	Botnet
1342	88	902	Botnet
1351	653	764	Botnet
1401	803	394	Gaming
874	784	713	Commercial
1443	280	756	Botnet
105	562	619	Commercial
2588	192	147	Gaming
2651	468	721	Mining
1292	284	385	Cloud
1154	604	249	Mining
556	102	483	Gaming
2018	843	81	Gaming
1277	272	674	Commercial
1654	226	6	Botnet
2054	939	556	Cloud
2893	749	876	Commercial
1826	227	260	Mining
327	459	53	Mining
1355	862	784	Commercial
2695	397	134	Botnet
1541	45	50	Cloud
391	217	751	Gaming
740	801	51	Gaming
2351	247	105	Cloud
1981	739	251	msgBot
1508	688	50	Botnet
508	673	433	Botnet
1854	86	745	Gaming
821	524	376	Mining
1681	824	299	Gaming
2604	962	254	Commercial
298	245	182	Commercial
719	401	713	Commercial
1693	5	547	msgBot
2272	792	258	msgBot
1226	889	549	Commercial
2009	396	117	msgBot
336	88	423	Gaming
2546	752	592	Botnet
1569	309	459	Cloud
318	140	141	Mining
2720	500	211	Commercial
1338	484	356	Gaming
270	467	582	Botnet
1381	913	655	Botnet
2315	270	671	Commercial
1734	793	466	Commercial
2691	195	489	Botnet
276	409	189	Commercial
790	16	836	Botnet
2737	152	537	Cloud
2923	120	747	Commercial
1918	618	312	Commercial
2468	426	459	msgBot
1452	559	924	Gaming
2160	355	484	msgBot
682	745	421	Gaming
2457	826	82	Mining
1643	697	906	Gaming
1564	276	490	Commercial
867	229	329	msgBot
2248	740	410	Commercial
1987	649	851	Gaming
2692	163	462	Commercial
2484	106	305	Mining
1185	288	215	Botnet
60	299	785	Gaming
1829	611	687	Botnet
396	696	202	Gaming
2873	608	573	Botnet
81	407	669	Mining
1883	130	173	Commercial
2935	488	71	Gaming
2325	960	480	Gaming
1207	394	441	Botnet
1236	493	349	msgBot
2903	788	400	Commercial
2274	815	333	Cloud
806	244	698	msgBot
1796	703	961	Cloud
1302	732	330	Commercial
2774	159	742	Gaming
959	384	52	Gaming
580	903	690	Gaming
1921	524	739	Commercial
1686	206	711	Commercial
746	354	941	Mining
529	855	663	Commercial
1035	530	885	Mining
1102	724	151	Gaming
603	918	98	Botnet
2426	706	515	Gaming
2427	688	507	Mining
366	642	627	msgBot
2015	660	443	Commercial
1766	740	249	Gaming
1295	275	721	Mining
244	60	586	Commercial
33	705	869	Botnet
2247	598	141	Gaming
1772	996	532	Gaming
2308	804	579	Commercial
2581	684	306	Gaming
207	193	885	msgBot
1850	636	755	Botnet
517	56	165	Cloud
2863	36	929	msgBot
2713	999	825	Gaming
2554	924	542	msgBot
1329	338	373	Commercial
2680	553	531	Cloud
1396	503	525	Gaming
1904	73	890	Cloud
2844	654	629	Botnet
1417	401	541	msgBot
1074	51	819	Commercial
916	95	537	Mining
772	789	166	Gaming
1892	133	852	msgBot
599	717	867	msgBot
1584	672	534	msgBot
2164	983	806	Gaming
1616	695	701	Cloud
2755	940	255	Gaming
2336	253	611	Botnet
1571	132	100	Cloud
1719	125	903	Commercial
2037	385	895	Cloud
1995	756	552	Botnet
1744	786	439	Commercial
968	10	348	Gaming
227	110	655	Botnet
2959	803	871	Commercial
1922	176	226	msgBot
54	620	893	msgBot
1327	945	877	msgBot
967	682	894	Mining
2191	672	864	Cloud
1161	117	357	Commercial
683	910	649	Gaming
2587	288	236	Mining
2914	639	439	Botnet
1866	139	267	msgBot
2377	150	175	Mining
829	164	351	Mining
2821	513	550	msgBot
1973	755	69	Commercial
2527	790	780	Gaming
2747	982	401	Mining
986	987	840	Botnet
462	724	207	Botnet
488	649	239	Gaming
2993	474	597	Mining
1022	985	550	msgBot
2090	329	749	Gaming
307	404	596	Cloud
1025	975	323	Gaming
1610	121	799	Gaming
2324	628	843	Commercial
2428	668	30	msgBot
257	370	451	Mining
242	122	697	Gaming
1408	644	165	Mining
158	75	424	Botnet
1598	646	19	Commercial
2817	936	351	Gaming
2744	748	113	msgBot
293	472	815	Botnet
2855	905	123	Botnet
2834	449	184	Gaming
2977	794	474	Cloud
2879	61	412	msgBot
2675	162	781	Gaming
313	432	920	Botnet
759	594	467	Mining
1399	882	42	msgBot
2497	586	787	Cloud
64	31	168	Botnet
1449	66	679	Botnet
1276	379	855	Commercial
2190	62	626	Mining
2622	453	320	Botnet
93	417	659	Mining
2514	400	181	Commercial
370	435	390	Botnet
138	597	43	Cloud
2105	891	698	Mining
928	703	620	Commercial
1999	215	105	Mining
2459	792	294	Gaming
718	484	534	Cloud
1656	683	312	Mining
228	610	438	Botnet
182	18	675	Cloud
835	458	739	Botnet
421	132	408	Cloud
1793	824	750	msgBot
2754	8	444	Botnet
1282	983	540	msgBot
17	769	836	Gaming
256	839	444	Commercial
2671	66	731	Commercial
1588	796	799	Cloud
2537	954	729	Gaming
1014	26	856	Cloud
1073	892	302	Cloud
1125	244	654	Commercial
1336	4	861	Botnet
756	253	58	Botnet
1332	572	377	Botnet
665	170	634	msgBot
364	827	794	Commercial
2235	907	264	Mining
2374	690	690	msgBot
2175	941	450	msgBot
1676	251	580	Commercial
1428	932	503	Botnet
621	518	723	Gaming
2657	714	273	Commercial
1002	249	51	Mining
213	614	643	Gaming
1268	809	258	Cloud
2660	812	963	Gaming
267	957	926	msgBot
543	144	704	Gaming
2954	614	282	Mining
985	385	838	Cloud
1589	43	573	Gaming
2067	800	591	msgBot
2833	918	469	Mining
367	878	742	Mining
292	180	537	Mining
2846	391	270	msgBot
328	400	27	Gaming
1812	361	460	Botnet
1687	782	331	Botnet
2302	254	538	Mining
2677	692	915	Gaming
710	980	58	Cloud
1005	88	269	msgBot
649	831	881	Commercial
2711	776	502	Cloud
397	423	151	Cloud
568	278	321	msgBot
413	926	164	Gaming
2148	545	766	Botnet
754	690	566	Cloud
550	545	936	Cloud
2991	226	515	Mining
2414	816	140	Botnet
234	52	134	Cloud
2920	672	411	Cloud
309	126	281	Botnet
1093	454	544	Botnet
412	264	31	Cloud
804	963	733	msgBot
2401	765	142	Commercial
1091	772	948	Mining
1663	712	590	msgBot
1672	673	188	Gaming
2407	141	496	Cloud
2523	493	729	msgBot
2552	744	245	Mining
275	331	758	msgBot
2313	410	253	Botnet
2435	210	572	Botnet
606	654	167	Cloud
260	192	885	msgBot
2698	187	527	Commercial
761	527	105	Commercial
1928	60	966	Botnet
407	882	665	Gaming
1803	965	739	Botnet
873	667	461	Botnet
2440	942	168	Gaming
524	691	37	Botnet
2986	46	129	Botnet
1799	176	373	Cloud
1931	644	310	Cloud
2307	620	617	Mining
469	389	303	Gaming
2645	689	642	Commercial
1478	426	747	Botnet
830	337	906	Botnet
2122	477	573	Commercial
808	463	267	Cloud
1526	142	707	msgBot
25	689	146	Botnet
1275	907	486	Mining
594	39	297	msgBot
1343	721	374	Botnet
686	958	708	Gaming
1386	885	803	Gaming
789	51	54	Gaming
2006	777	453	Commercial
895	525	370	Cloud
687	827	445	msgBot
1739	694	905	Cloud
1524	119	141	Botnet
1257	770	967	Gaming
1961	102	364	Commercial
458	916	791	Commercial
2463	65	963	Commercial
2123	137	406	Gaming
268	468	798	Cloud
485	774	141	Cloud
2202	774	472	Cloud
2125	283	718	Mining
1219	548	945	Cloud
2241	801	286	Cloud
1192	3	768	Botnet
1535	977	686	Gaming
2437	257	723	Cloud
601	178	905	Cloud
304	561	10	Cloud
1501	49	335	Mining
1985	460	430	Commercial
690	944	418	Commercial
1722	222	659	Mining
2782	235	723	Botnet
1319	137	967	Commercial
2533	470	341	Botnet
161	616	41	Mining
426	936	82	Mining
126	375	498	Commercial
2872	316	331	Commercial
971	480	267	Commercial
1335	787	324	Commercial
190	127	470	Mining
1732	48	106	Commercial
2063	807	578	Gaming
1266	137	192	Mining
72	202	25	Gaming
1318	13	338	Cloud
1558	482	751	Cloud
1495	490	143	Gaming
147	363	317	Botnet
1076	254	758	msgBot
384	712	611	msgBot
2049	274	901	Botnet
1174	32	730	Mining
2095	271	676	Gaming
340	239	846	msgBot
1437	442	800	Botnet
1140	599	314	msgBot
1165	425	247	msgBot
1106	908	475	Cloud
1704	106	956	msgBot
2750	833	848	Commercial
475	278	412	Mining
809	907	788	Gaming
345	399	199	msgBot
1107	651	951	Mining
1448	467	748	Mining
1721	614	76	Botnet
236	99	550	Cloud
168	213	194	msgBot
953	183	756	Botnet
2287	9	589	Botnet
914	71	800	Commercial
651	160	389	msgBot
1748	173	159	Cloud
1878	117	809	Botnet
2567	424	692	Botnet
1735	511	127	Cloud
114	297	733	Cloud
2642	557	355	Commercial
2251	460	416	Commercial
134	179	253	Commercial
2820	2	204	msgBot
1298	268	549	Gaming
501	438	248	Cloud
1050	706	264	msgBot
2699	12	529	Botnet
872	499	344	Cloud
1494	679	952	Mining
1181	410	186	Botnet
378	400	436	Commercial
2798	338	959	Mining
2566	351	893	Mining
2448	311	45	Cloud
2900	546	397	Cloud
1168	909	583	msgBot
2630	941	573	msgBot
2634	322	873	Gaming
2512	305	514	Botnet
1698	320	271	Botnet
1540	425	816	Mining
1715	628	864	Commercial
483	399	893	Mining
2992	658	373	Gaming
2769	913	113	Botnet
1544	356	703	Botnet
2246	568	704	Commercial
2608	47	853	msgBot
938	764	54	Gaming
2882	812	939	Mining
355	44	806	Commercial
10	440	875	msgBot
1221	807	553	Mining
1596	254	923	msgBot
1085	620	243	Gaming
1111	26	333	Mining
1977	623	190	Commercial
2780	260	413	Botnet
2958	566	521	Gaming
1847	736	592	Mining
1034	835	857	Botnet
2857	540	10	Botnet
2689	319	277	Cloud
487	301	890	Commercial
296	920	82	Cloud
574	973	777	Mining
2055	758	132	Commercial
1179	357	530	Gaming
414	695	620	Botnet
2070	628	508	Commercial
2381	939	887	msgBot
840	519	822	Mining
828	950	656	Cloud
2128	701	430	msgBot
2997	852	248	msgBot
454	625	713	Gaming
449	710	854	Commercial
1518	506	492	Gaming
302	868	350	Cloud
2613	367	528	Botnet
911	731	968	Gaming
353	544	440	msgBot
681	701	687	Commercial
2779	172	765	msgBot
1942	299	376	Commercial
2283	417	796	Gaming
2563	996	927	msgBot
733	105	599	Gaming
42	867	21	Commercial
1237	747	200	Mining
2368	798	965	Commercial
583	415	697	Botnet
1376	499	297	Gaming
395	705	439	Commercial
846	425	499	msgBot
954	695	572	Cloud
341	124	268	Botnet
2383	669	953	Gaming
262	319	724	Commercial
1784	164	621	Gaming
589	902	99	Botnet
2880	84	58	Gaming
1287	3	503	Mining
157	668	475	msgBot
1134	770	276	Botnet
2396	534	837	msgBot
2476	498	161	Commercial
2132	26	576	Botnet
2353	523	241	Commercial
2255	232	673	msgBot
363	375	90	Cloud
21	425	919	Commercial
2522	427	451	Botnet
1310	43	945	Botnet
1651	413	58	msgBot
1325	295	355	Commercial
319	747	925	Mining
2934	774	637	Gaming
2454	917	424	Commercial
2746	327	25	Commercial
2022	717	551	Cloud
2397	6	85	Botnet
2938	683	566	Gaming
1529	566	517	Botnet
865	177	672	Cloud
2254	695	709	Mining
2584	493	365	Botnet
2517	502	158	Cloud
731	584	18	Botnet
2110	246	285	Cloud
2258	548	515	Commercial
1618	271	315	msgBot
2465	125	592	msgBot
2800	917	670	Botnet
2173	563	615	Commercial
1500	793	54	msgBot
205	909	507	Gaming
500	823	930	Cloud
2409	904	392	Botnet
150	359	471	msgBot
965	268	782	Cloud
702	763	897	Cloud
1862	579	598	msgBot
217	746	226	Botnet
137	525	648	Gaming
1625	370	492	Botnet
1077	115	288	Gaming
1424	950	927	Mining
1641	702	273	Botnet
838	714	548	Commercial
1798	69	717	Commercial
388	890	889	Botnet
2545	698	166	Botnet
2073	900	78	msgBot
1178	444	422	Mining
2270	754	377	Cloud
891	318	74	Gaming
2170	927	53	Cloud
1254	54	51	Botnet
1856	353	144	Commercial
2271	711	596	msgBot
2998	334	482	Botnet
352	983	807	msgBot
55	506	468	Commercial
1069	868	648	msgBot
1978	953	874	Botnet
1833	326	839	Mining
229	414	211	msgBot
1997	341	633	Botnet
604	656	265	Commercial
1017	192	905	Gaming
680	773	210	Mining
1364	557	470	msgBot
2647	51	436	Botnet
1377	145	557	Mining
2984	952	248	Cloud
1446	455	21	Commercial
1742	737	307	Mining
1552	482	851	Commercial
2204	646	840	Cloud
2987	86	697	Gaming
1368	55	554	Commercial
2205	329	386	msgBot
201	831	309	msgBot
119	623	712	Botnet
1916	519	424	Mining
2538	979	308	Commercial
935	614	64	Mining
245	954	670	Mining
2345	387	25	msgBot
1202	757	525	Commercial
2284	412	926	Botnet
850	333	757	Mining
1411	103	790	Cloud
1805	442	941	Commercial
1480	225	102	Cloud
2557	334	550	Botnet
1126	219	446	Mining
1844	63	326	Commercial
818	976	953	Commercial
841	174	115	Mining
1238	114	618	Cloud
2503	974	680	Cloud
273	127	15	Gaming
2140	746	201	Commercial
1837	918	946	Mining
1158	333	810	msgBot
2564	530	187	Gaming
2380	291	770	Commercial
2609	640	897	Gaming
65	473	405	Botnet
888	146	450	Commercial
2286	539	147	Mining
1068	820	174	msgBot
1752	653	209	msgBot
1166	955	601	Cloud
2594	651	98	msgBot
1148	354	72	Mining
2735	306	99	Mining
463	130	22	Mining
2354	277	523	Commercial
2102	100	448	Mining
1434	510	967	Botnet
1426	242	250	msgBot
2176	46	52	Gaming
2901	28	334	msgBot
1946	561	946	Mining
1929	387	711	Commercial
2240	35	267	Mining
970	5	13	Botnet
793	99	18	Mining
1007	272	531	Gaming
444	679	647	Commercial
69	156	266	Gaming
1313	879	327	Cloud
371	621	689	Gaming
2220	948	374	msgBot
2955	132	493	Botnet
1269	995	2	Mining
1510	352	804	Cloud
1344	951	561	msgBot
50	433	645	Mining
1309	67	965	msgBot
428	30	647	msgBot
588	668	499	Cloud
1170	450	13	Botnet
1278	400	698	Botnet
2776	702	205	msgBot
1201	909	956	Gaming
2825	108	451	Botnet
837	13	337	Cloud
216	533	346	msgBot
1195	912	25	Cloud
1151	972	344	Cloud
1273	434	938	Mining
2553	452	461	Commercial
2683	705	226	Commercial
1082	891	620	Botnet
1514	830	448	Gaming
1647	15	459	Mining
825	153	750	Commercial
2133	704	554	Botnet
1781	410	259	Gaming
2309	683	605	Gaming
1324	24	157	Gaming
1233	466	690	Commercial
1517	267	244	msgBot
2294	159	217	msgBot
988	407	559	msgBot
402	649	619	Mining
639	452	305	msgBot
144	602	696	Cloud
2060	758	567	msgBot
1819	529	99	Mining
884	7	397	msgBot
238	699	316	msgBot
757	822	93	Botnet
2772	585	529	msgBot
1270	951	789	Gaming
506	633	275	Botnet
372	390	85	Gaming
2161	288	192	Commercial
175	367	248	msgBot
2337	668	206	msgBot
1579	135	430	Cloud
243	315	599	Mining
1890	328	721	Mining
2219	574	882	Commercial
2193	175	733	msgBot
2826	210	774	Commercial
1652	246	810	Botnet
1447	823	621	msgBot
2360	856	540	msgBot
669	980	840	Botnet
1136	895	653	Cloud
654	223	502	Botnet
1965	709	83	Commercial
22	248	106	Cloud
2818	361	513	msgBot
899	585	825	Botnet
1720	512	68	Commercial
358	873	64	Gaming
154	957	155	Cloud
1691	973	373	Mining
2513	684	68	msgBot
435	439	850	Cloud
88	589	96	Botnet
2359	502	395	Botnet
2320	297	277	Mining
1994	204	857	Mining
908	778	819	Gaming
585	657	36	Mining
113	703	400	Gaming
1867	4	531	Cloud
2482	845	417	Gaming
401	44	777	Mining
1294	609	707	Commercial
2020	45	317	Gaming
1391	698	307	Gaming
210	664	891	Gaming
486	230	883	Botnet
2832	90	771	Botnet
1670	273	323	msgBot
2756	575	220	msgBot
1897	721	760	Commercial
1788	234	735	Botnet
2451	314	935	Gaming
530	194	261	Commercial
1470	660	482	Commercial
2056	184	205	Cloud
1371	681	267	Botnet
2899	317	763	Gaming
1668	97	761	Gaming
2810	685	596	Cloud
1405	249	545	Gaming
2742	182	746	Cloud
1811	852	224	Gaming
1645	620	347	Cloud
129	536	310	msgBot
1317	888	339	msgBot
2905	918	875	Cloud
2917	801	455	Gaming
2415	630	819	Cloud
90	600	76	Cloud
2327	432	194	Mining
678	320	719	Gaming
1868	108	311	Gaming
2965	816	163	Gaming
312	716	600	Commercial
1807	589	266	msgBot
931	277	736	Cloud
1129	436	151	msgBot
1966	688	556	Botnet
48	914	858	Commercial
2292	713	676	Botnet
1132	291	493	Cloud
2004	696	810	Cloud
14	316	939	Commercial
1172	66	547	Botnet
907	639	61	Cloud
170	874	496	Cloud
1891	259	423	Cloud
1634	237	876	Commercial
1944	941	297	msgBot
359	744	580	Commercial
2974	143	953	Mining
711	819	881	msgBot
197	1	609	Botnet
1765	428	506	Cloud
2419	450	371	Botnet
1267	753	188	Cloud
2182	366	661	Commercial
2697	838	898	Mining
2973	823	51	Botnet
354	402	877	Commercial
2596	519	49	Gaming
347	418	90	Gaming
2084	340	207	Mining
237	404	674	Botnet
1913	640	485	Mining
729	151	952	Commercial
2349	436	377	Gaming
898	50	166	Cloud
1217	756	674	msgBot
1566	61	16	Cloud
1821	233	276	Cloud
2797	878	81	msgBot
1138	941	310	Gaming
2376	575	915	Commercial
2891	484	131	Gaming
2121	148	855	Cloud
1057	846	272	Cloud
2911	607	502	Botnet
136	977	272	Mining
2964	144	565	Cloud
2946	725	269	msgBot
2540	915	174	Cloud
2985	773	358	Mining
2530	101	376	Cloud
1880	660	310	Commercial
553	553	341	Mining
2118	446	190	Gaming
2827	171	897	Botnet
1570	33	948	Mining
2802	340	506	Commercial
2667	240	281	Commercial
1666	446	440	Botnet
1048	105	145	Mining
660	203	791	msgBot
1970	433	6	Cloud
881	695	522	Gaming
745	658	359	Mining
1848	172	966	Mining
1333	374	219	Gaming
1499	141	304	msgBot
822	463	246	Commercial
948	748	925	Mining
2168	203	401	msgBot
1820	791	17	msgBot
2300	567	515	Mining
1059	824	287	Gaming
465	67	599	Botnet
2003	43	364	Gaming
73	493	241	Mining
2091	123	626	Mining
1503	980	80	Mining
2199	496	509	Botnet
575	250	254	Cloud
400	636	773	msgBot
1337	54	502	Commercial
2445	396	17	Commercial
264	721	441	msgBot
1474	565	500	Botnet
1360	636	529	Commercial
2524	176	573	Gaming
198	703	781	Gaming
1750	582	619	Botnet
2507	842	250	msgBot
667	726	113	Cloud
1122	180	46	msgBot
716	859	95	Commercial
259	900	553	msgBot
2662	69	950	Cloud
880	557	6	Mining
9	335	645	Mining
1664	381	751	Commercial
2752	36	629	Botnet
1146	626	875	Mining
739	252	889	Commercial
2134	231	800	Botnet
1764	91	268	Cloud
423	262	415	Cloud
241	750	566	Botnet
2013	733	870	Commercial
1864	998	365	Cloud
495	649	863	Commercial
2944	74	592	Commercial
1548	237	415	Mining
851	483	19	Mining
536	280	968	Cloud
1083	594	622	Gaming
1910	648	772	Gaming
2364	237	420	Cloud
705	712	130	Botnet
2815	998	402	Botnet
405	237	24	Gaming
2544	562	80	Botnet
1729	232	790	Mining
2865	29	52	Cloud
1458	222	632	Gaming
2856	924	301	Botnet
2100	101	924	Botnet
1353	297	632	Gaming
390	384	123	Cloud
1096	535	816	Mining
2198	465	370	Botnet
2057	97	254	Mining
2413	907	181	Botnet
1934	695	805	msgBot
310	163	659	msgBot
1927	918	575	Gaming
62	185	104	Mining
1281	452	798	msgBot
1109	408	344	Commercial
2379	255	555	Gaming
630	577	862	Gaming
1804	528	691	Cloud
1809	333	435	Mining
1577	944	78	msgBot
122	640	475	msgBot
235	650	395	Mining
2858	206	66	Botnet
2918	817	481	Commercial
2658	780	946	Cloud
214	433	216	Botnet
2705	700	81	msgBot
635	234	349	Commercial
2422	941	514	Botnet
2207	916	330	Cloud
813	283	815	msgBot
642	495	857	Botnet
2244	346	360	Cloud
2812	436	202	Mining
1241	931	683	Botnet
2481	492	894	Gaming
2000	266	201	Botnet
2480	840	100	Botnet
1301	729	580	msgBot
722	192	219	msgBot
573	23	870	msgBot
2889	938	432	msgBot
333	582	463	Mining
886	835	556	msgBot
2568	353	233	Mining
192	191	469	Mining
2678	658	241	Cloud
1779	498	452	Mining
2725	253	747	Gaming
1312	756	780	Commercial
1228	465	197	Botnet
2539	747	484	msgBot
2113	105	158	Cloud
153	19	493	msgBot
2637	987	561	Mining
300	880	742	msgBot
2511	897	502	Gaming
1247	594	531	Commercial
783	933	79	msgBot
2632	155	701	Cloud
434	22	639	Gaming
2837	893	246	Commercial
1242	894	867	Cloud
1581	998	948	msgBot
1771	42	947	msgBot
956	543	673	Gaming
1075	423	386	Botnet
1539	664	610	Commercial
2035	457	671	Commercial
473	795	667	Botnet
480	131	510	Mining
2502	607	91	Commercial
2429	518	364	Gaming
936	250	927	Botnet
2943	508	699	Gaming
420	241	824	Gaming
1200	25	615	Mining
802	668	645	Cloud
1212	467	889	Botnet
2151	921	617	Commercial
2217	102	871	Commercial
2352	764	710	Cloud
1822	302	275	Mining
1224	946	566	Gaming
1520	895	370	Botnet
2206	241	635	Mining
2947	730	47	Gaming
918	376	637	Gaming
748	877	801	Mining
1042	783	484	Botnet
1726	844	298	Botnet
472	70	230	msgBot
1026	876	148	Commercial
1730	177	182	Cloud
2399	86	122	Mining
2195	507	233	Cloud
816	209	190	msgBot
762	938	570	Mining
2236	938	681	Botnet
253	915	564	Gaming
755	440	762	Commercial
994	95	289	Mining
2375	340	641	Cloud
2722	143	682	msgBot
2831	514	520	Gaming
133	512	733	Cloud
1274	612	205	Cloud
2636	252	786	Commercial
121	108	114	Gaming
226	669	303	msgBot
351	843	93	Cloud
570	210	828	Gaming
889	374	866	Gaming
923	632	918	Gaming
365	882	683	Mining
2789	580	741	Botnet
321	230	192	Botnet
1949	537	939	Mining
1669	928	534	Cloud
1831	769	750	Gaming
453	995	757	msgBot
2311	392	277	Cloud
2712	175	624	Commercial
812	94	408	msgBot
597	425	413	Gaming
476	266	37	Botnet
2840	847	932	Mining
438	144	923	Botnet
1213	91	602	msgBot
1123	92	158	Botnet
509	901	32	msgBot
306	635	874	Mining
1469	444	786	msgBot
2927	361	428	Mining
1218	311	805	Mining
618	883	866	msgBot
992	31	24	Gaming
1206	921	676	Gaming
2871	448	489	Gaming
39	827	294	Mining
949	153	632	msgBot
2245	999	814	Mining
165	941	699	Gaming
1527	925	703	Commercial
2188	768	468	Gaming
2653	891	43	Gaming
2301	962	33	Cloud
2913	47	521	Botnet
904	262	396	Botnet
2633	41	173	Gaming
2183	546	345	Botnet
2156	563	696	msgBot
633	97	672	Cloud
2452	131	962	msgBot
1959	389	722	msgBot
2555	625	945	Cloud
576	442	856	Mining
2145	417	445	Botnet
1049	263	691	Cloud
2574	649	44	Gaming
1461	58	528	Cloud
2830	743	733	Botnet
1492	309	583	Cloud
571	895	562	Botnet
2138	605	828	Gaming
2884	690	600	Cloud
2983	137	844	Botnet
2305	507	412	Botnet
1940	844	751	Commercial
2404	638	946	Botnet
1834	476	539	Gaming
773	813	122	Botnet
2265	735	906	Botnet
2201	916	505	msgBot
1917	858	397	msgBot
1533	546	3	Mining
1490	26	253	Gaming
990	533	198	Commercial
2749	682	227	Cloud
61	367	187	Commercial
537	208	930	Gaming
2388	700	91	Cloud
1249	42	683	Gaming
2218	770	592	Botnet
112	506	335	Cloud
2333	959	615	Commercial
2600	762	264	msgBot
1685	717	824	Botnet
791	903	57	Mining
1789	324	245	Mining
1843	976	935	msgBot
643	721	593	Gaming
2498	541	432	Commercial
1457	890	7	Botnet
2232	280	342	Botnet
343	63	100	Gaming
498	281	15	Cloud
768	490	718	Gaming
2676	725	342	Gaming
2080	381	20	msgBot
1522	849	102	Cloud
2425	329	966	Gaming
2144	471	484	Commercial
1874	213	807	Mining
2778	51	578	Cloud
2373	193	463	msgBot
1761	51	438	Commercial
1684	819	837	Mining
2948	118	390	msgBot
799	735	902	Cloud
1078	334	891	Botnet
446	651	732	Commercial
1655	137	652	Botnet
2179	7	275	Cloud
2848	899	420	Cloud
2453	911	946	Cloud
369	619	721	Gaming
2043	882	732	Mining
2371	458	28	Mining
172	818	890	Cloud
1053	370	262	Cloud
2077	990	719	Commercial
771	890	839	Gaming
2112	320	36	Gaming
1855	340	864	Gaming
2731	763	536	Commercial
2627	390	299	Botnet
2508	824	41	Botnet
569	180	869	Mining
1028	602	635	Gaming
625	213	151	Commercial
2299	983	866	Gaming
100	56	928	Botnet
2734	987	114	Botnet
2924	713	302	Gaming
415	873	430	Gaming
671	408	18	Botnet
2640	625	416	Mining
1188	520	504	Mining
2745	445	620	Mining
893	944	379	Mining
1264	79	44	Cloud
1198	337	164	Botnet
2509	933	875	Commercial
853	541	211	msgBot
1460	386	294	Commercial
892	670	382	Cloud
2197	729	543	Cloud
1743	795	641	Cloud
1307	79	685	msgBot
2724	10	901	msgBot
2493	469	912	Commercial
1925	649	943	Commercial
666	124	707	Commercial
2010	772	919	Gaming
2147	17	736	msgBot
1587	663	867	msgBot
208	356	268	msgBot
2256	904	244	Botnet
1450	42	45	Gaming
2065	463	790	Commercial
1182	843	901	Commercial
2770	562	935	Gaming
1348	790	448	Botnet
258	813	907	msgBot
1149	858	945	msgBot
447	846	359	Botnet
249	277	725	Mining
695	505	785	Botnet
404	960	76	Cloud
1133	977	6	Mining
357	353	42	Botnet
2925	679	678	Botnet
1143	166	307	Botnet
2758	63	610	Gaming
2551	545	34	Mining
2462	30	330	Commercial
2795	380	712	Gaming
380	479	651	msgBot
519	493	418	Botnet
521	375	31	Gaming
2014	627	270	Botnet
832	82	471	Commercial
2028	853	415	Mining
1422	24	662	Cloud
2094	671	938	msgBot
1504	884	550	Botnet
85	869	496	msgBot
1314	574	1	Commercial
1454	56	517	Mining
2464	725	556	Mining
2398	253	176	Cloud
2446	742	272	Mining
933	307	504	Commercial
92	445	726	Cloud
579	588	260	Mining
1137	385	652	Commercial
2957	453	866	Botnet
2999	638	964	Gaming
240	72	714	Commercial
1849	63	308	Mining
2586	183	395	Gaming
2394	170	203	Cloud
834	845	455	Gaming
2083	763	904	Cloud
1889	559	651	Mining
1873	253	900	Commercial
1157	838	849	Gaming
2996	606	809	Gaming
1189	357	522	Cloud
1554	409	735	Gaming
2592	221	885	Mining
1262	691	28	Cloud
860	29	24	Gaming
1599	512	718	Commercial
12	668	849	Gaming
223	903	230	Mining
2356	744	952	Gaming
1244	594	153	Cloud
1234	891	152	Cloud
1953	980	125	Cloud
1876	299	377	msgBot
2753	253	830	Gaming
774	824	756	msgBot
1029	896	817	Gaming
634	767	81	msgBot
2298	620	155	Commercial
164	517	924	Gaming
1418	560	69	msgBot
1183	155	382	msgBot
2062	12	364	Commercial
471	200	843	Gaming
1745	289	517	Commercial
2387	124	666	Mining
1101	51	911	Gaming
1846	737	20	Botnet
758	281	30	Botnet
2001	254	797	Cloud
334	379	871	Commercial
535	372	326	Gaming
437	321	550	msgBot
1836	627	817	Commercial
2786	698	311	Cloud
2894	670	857	Commercial
2961	223	742	Commercial
930	208	718	Commercial
429	886	583	Mining
2355	63	427	msgBot
1869	477	784	Botnet
522	703	697	Mining
432	445	964	msgBot
152	715	913	Gaming
2442	564	822	Botnet
2708	911	301	Gaming
1223	261	21	msgBot
814	416	148	Gaming
1016	721	26	Botnet
2306	260	425	Botnet
1402	606	427	Gaming
2869	651	483	Botnet
1194	583	806	Cloud
1235	616	38	Gaming
199	225	323	Cloud
2460	584	862	Mining
1830	884	637	Botnet
1473	91	512	msgBot
650	322	706	Gaming
1210	486	480	Botnet
2915	722	655	Botnet
1463	132	376	Botnet
1441	856	79	Gaming
776	468	499	Mining
2259	610	527	msgBot
2491	519	381	Commercial
2358	772	214	Botnet
1284	278	315	Gaming
1972	678	761	Mining
2059	242	527	Commercial
441	765	449	Gaming
1072	71	773	Gaming
1130	493	309	Cloud
929	648	870	Mining
2221	294	157	Commercial
1193	455	697	Botnet
2072	726	397	Mining
2341	131	256	msgBot
906	537	636	Mining
2585	985	739	Botnet
2748	433	960	Commercial
2969	484	137	Botnet
466	852	289	Botnet
1055	79	230	Mining
1532	647	338	Commercial
2136	965	109	Cloud
2739	959	497	Mining
866	839	669	Gaming
1556	254	780	Gaming
1583	334	280	Commercial
1086	310	949	Botnet
966	659	919	Mining
1180	262	892	Commercial
1725	665	197	Mining
779	804	739	Mining
67	165	9	Gaming
1769	649	284	Commercial
459	382	824	Mining
2824	191	94	msgBot
1636	218	290	Commercial
163	962	287	msgBot
1692	102	190	Cloud
49	415	28	Cloud
489	285	547	Mining
760	852	240	Mining
1046	958	922	msgBot
2949	894	196	msgBot
2956	808	419	Mining
2099	436	175	Commercial
2922	344	699	Mining
194	644	186	Botnet
2107	736	92	Commercial
265	553	153	Commercial
800	436	648	Gaming
200	527	350	Botnet
177	573	405	Cloud
2230	358	432	Commercial
2864	282	461	Cloud
2007	109	31	Mining
1052	177	197	Botnet
700	223	356	Botnet
2829	594	352	msgBot
2104	880	464	Gaming
324	68	459	msgBot
805	220	171	msgBot
1926	851	15	msgBot
2361	984	476	msgBot
497	592	843	Gaming
2098	776	691	Cloud
730	399	210	Commercial
225	855	555	Botnet
2372	168	763	Commercial
2668	131	242	Commercial
824	423	555	Commercial
2078	81	383	Gaming
1464	549	832	Commercial
996	186	857	Gaming
1919	860	19	Botnet
1124	280	150	Botnet
1199	245	948	Gaming
912	202	277	Botnet
1128	504	836	Gaming
2727	565	531	Commercial
998	643	702	Gaming
2704	68	48	Commercial
764	314	38	Cloud
2665	956	685	Commercial
1667	405	690	Commercial
1633	923	531	msgBot
166	353	916	Commercial
602	159	140	msgBot
1678	445	727	Cloud
777	807	934	Commercial
40	800	632	Mining
1738	155	367	Mining
2953	596	385	Cloud
2715	165	444	Commercial
1619	802	490	msgBot
894	774	837	Cloud
2026	8	9	Botnet
815	477	765	Commercial
584	537	535	Mining
870	544	677	Botnet
2635	398	822	Botnet
763	540	410	Botnet
45	457	960	Gaming
1759	954	646	Mining
957	23	204	Gaming
1990	513	15	Cloud
1051	586	155	Cloud
2492	903	525	Botnet
2473	726	538	Mining
679	566	245	Commercial
1775	729	219	Gaming
1334	634	62	Commercial
684	630	459	Gaming
1110	712	311	Gaming
696	614	730	Cloud
2768	848	199	Botnet
605	702	413	msgBot
1080	588	822	Mining
2811	764	7	Mining
2215	551	499	Commercial
1439	523	566	Cloud
2781	901	266	msgBot
1372	798	935	Cloud
2019	819	63	Gaming
2907	231	462	Gaming
1702	334	922	Gaming
2210	737	433	Mining
2757	804	103	Botnet
1283	801	715	msgBot
1475	706	460	Gaming
1992	134	592	Cloud
2172	654	235	Commercial
2224	429	939	Mining
559	307	851	Mining
2716	577	323	Mining
1370	302	139	Botnet
1009	469	520	msgBot
879	296	899	Mining
1496	107	20	Gaming
961	814	286	Gaming
560	581	843	Mining
2672	813	244	Commercial
823	236	851	Commercial
1749	912	145	Gaming
15	467	662	Cloud
101	880	537	Gaming
2980	969	861	Commercial
554	666	947	msgBot
2501	364	196	Cloud
2610	311	467	Botnet
58	92	50	Mining
1941	701	593	Commercial
1406	853	707	msgBot
958	407	459	Gaming
1705	689	760	msgBot
2278	739	329	msgBot
2659	405	710	Cloud
196	947	63	Gaming
1316	736	152	Gaming
361	987	666	Gaming
32	598	486	Commercial
1776	535	589	Cloud
2805	465	823	Botnet
221	245	405	Cloud
1167	871	171	Mining
732	910	841	msgBot
2887	26	862	Botnet
1037	123	713	msgBot
2281	667	158	Mining
2335	533	923	Gaming
2158	527	20	Mining
2543	81	308	Mining
2618	81	737	Gaming
1728	818	789	Botnet
2560	318	718	Mining
1717	2	683	Botnet
1881	748	425	Gaming
2721	255	58	Mining
109	975	123	Gaming
2208	258	441	Cloud
2693	955	824	Cloud
2103	17	98	Mining
2196	246	749	msgBot
2895	644	813	Gaming
742	870	229	Commercial
785	505	492	Botnet
1746	179	733	msgBot
2342	310	7	msgBot
2828	687	855	Botnet
2058	660	548	Commercial
1395	791	521	Botnet
3	772	861	msgBot
37	622	639	Botnet
1177	263	849	Commercial
836	295	924	msgBot
1680	845	251	Mining
1349	945	307	Mining
1271	679	403	Mining
1429	802	921	Mining
2052	586	88	msgBot
2343	32	282	Botnet
646	347	604	Cloud
311	33	756	Gaming
2656	816	128	Mining
2273	798	766	Mining
743	347	364	msgBot
2296	934	139	Mining
2547	271	657	Commercial
2466	979	525	Cloud
1023	733	325	msgBot
1602	631	225	Gaming
941	564	437	Commercial
1482	235	169	Gaming
2655	740	527	Botnet
1258	956	810	msgBot
2751	730	873	Cloud
820	861	281	Gaming
1665	200	860	Mining
2571	469	141	Mining
1713	276	461	Cloud
1359	258	598	msgBot
2203	970	153	Botnet
1661	26	565	Cloud
2741	241	638	Mining
2646	452	162	Mining
1689	569	829	Botnet
2362	619	700	Cloud
1404	62	94	Commercial
98	684	659	Gaming
1787	358	398	msgBot
1471	164	481	Cloud
66	81	932	Botnet
1465	575	94	Botnet
2	702	529	Botnet
2367	780	133	Botnet
349	531	328	msgBot
2474	796	852	msgBot
1778	725	521	Mining
2329	729	17	Cloud
84	562	693	Commercial
2796	384	555	Gaming
1537	966	562	Commercial
1755	124	6	Commercial
2222	436	500	Mining
1679	759	678	Commercial
2762	813	303	msgBot
124	899	630	msgBot
2562	931	745	msgBot
455	752	344	Commercial
409	447	152	Commercial
368	267	73	msgBot
1512	792	719	Botnet
1094	153	394	Mining
2886	824	582	Gaming
2264	293	367	msgBot
973	782	781	Commercial
176	855	326	Gaming
2988	912	708	Mining
2854	663	614	Gaming
1407	537	424	Mining
1630	503	726	Gaming
169	147	187	Commercial
2550	124	418	Cloud
1675	331	459	Gaming
2573	4	816	Mining
2866	116	243	Mining
